0 0.06176544136034009 0.05542929786066923 0.1145286321580395 0.21832144267690617
0 0.06176544136034009 0.23425540318156884 0.019254813703425855 0.03839824465167307
0 0.07376844211052763 0.04116709270433352 0.05076269067266817 0.0702139275918815
0 0.2173043260815204 0.39388239166209543 0.10652663165791448 0.13603949533735601
0 0.21280320080020004 0.41198442128359847 0.04776194048512128 0.102029621503017
0 0.557889472368092 0.4586108612177729 0.0657664416104026 0.11300054854635223
0 0.609390447611903 0.47890707624794293 0.0207551887971993 0.058145913329676356
0 0.6444349087271819 0.2320612177729018 0.042010502625656414 0.07624794295117937
0 0.7519617904476119 0.4794556226001097 0.016004001000250064 0.03565551289083928
0 0.7389585396349088 0.47616434448710915 0.008002000500125032 0.006582556226001097
0 0.3385132283070768 0.8766031815688426 0.014003500875218804 0.030718595721338452
0 0.26553068267066765 0.3626152495885902 0.014253563390847712 0.03236423477783873
0 0.824479919979995 0.24961470104223807 0.015753938484621154 0.010422380691168404
