0 0.5547385620915033 0.48682598039215685 0.061683006535947715 0.050551470588235295
0 0.43504901960784315 0.45894607843137253 0.06535947712418301 0.0428921568627451
0 0.38766339869281047 0.47058823529411764 0.035130718954248366 0.029105392156862746
0 0.38480392156862747 0.49754901960784315 0.0857843137254902 0.02696078431372549
0 0.45955882352941174 0.48131127450980393 0.0857843137254902 0.03216911764705882
0 0.4624183006535948 0.46629901960784315 0.07598039215686274 0.02665441176470588
0 0.4616013071895425 0.5122549019607843 0.008986928104575163 0.00428921568627451
0 0.4591503267973856 0.49111519607843135 0.08823529411764706 0.049019607843137254
0 0.4195261437908497 0.46660539215686275 0.02696078431372549 0.034926470588235295
0 0.5383986928104575 0.47640931372549017 0.03431372549019608 0.005821078431372549
0 0.12295751633986927 0.789828431372549 0.027777777777777776 0.014705882352941176
0 0.9040032679738562 0.44424019607843135 0.0959967320261438 0.04595588235294118
0 0.704248366013072 0.47732843137254904 0.0494281045751634 0.025735294117647058
0 0.735702614379085 0.48253676470588236 0.015522875816993464 0.012867647058823529
