0 0.00025 0.13103070175438594 0.0245 0.04605263157894739
0 0.129 0.20668859649122806 0.062 0.09758771929824561
0 0.16625 0.17160087719298245 0.06125 0.10471491228070179
0 0.122 0.18640350877192982 0.0345 0.04824561403508772
0 0.09975 0.08552631578947369 0.019500000000000014 0.03837719298245614
0 0.18725 0.33278508771929827 0.0165 0.03782894736842105
0 0.2825 0.4599780701754387 0.025 0.055372807017543796
0 0.40475000000000005 0.41173245614035087 0.021999999999999943 0.061403508771929884
0 0.526 0.19462719298245615 0.07475 0.06469298245614036
0 0.5105000000000001 0.3207236842105263 0.07174999999999994 0.07949561403508772
0 0.7255 0.12828947368421054 0.05 0.11567982456140351
0 0.307 0.20339912280701755 0.04225 0.08168859649122807
0 0.33075 0.3207236842105263 0.02425 0.04331140350877193
0 0.05275 0.11129385964912279 0.04925 0.05921052631578949
