0 0.47078054760931753 0.47900704872816424 0.07315079689415611 0.09163346613545817
0 0.3882304863097671 0.5476555317192767 0.05721291377196567 0.04321176831136991
0 0.4013077237433592 0.5320257431811216 0.011442582754393135 0.0165491878639289
0 0.4078463424601553 0.5124118908979467 0.016346546791990192 0.017775053631627336
0 0.4241928892521455 0.5130248237817959 0.024519820187985288 0.011032791909285933
0 0.4331834899877401 0.4836040453570334 0.006538618716796077 0.017162120747778117
0 0.45279934613812833 0.5038308305240576 0.013077237433592154 0.009806926141587496
0 0.44871270944013075 0.46276432730615996 0.015529219452390683 0.017775053631627336
0 0.46097261953412344 0.4915721728470732 0.009807928075194115 0.010419859025436715
0 0.45688598283612586 0.4915721728470732 0.015529219452390683 0.00796812749003984
0 0.4511646914589293 0.48544284400858106 0.022067838169186758 0.00796812749003984
0 0.4429914180629342 0.47931351517008886 0.005721291377196567 0.023291449586270302
0 0.4013077237433592 0.549800796812749 0.014711892112791173 0.00796812749003984
0 0.4078463424601553 0.5522525283481459 0.015529219452390683 0.009193993257738278
0 0.4331834899877401 0.5522525283481459 0.011442582754393135 0.004290530186944529
0 0.17082141397629752 0.6019000919399325 0.006538618716796077 0.00796812749003984
0 0.5696771557008582 0.06129328838492185 0.005721291377196567 0.011032791909285933
