0 0.30098684210526316 0.55425 0.08168859649122807 0.046
0 0.5257675438596491 0.57525 0.2669956140350877 0.06725
0 0.731359649122807 0.65 0.047697368421052634 0.01875
0 0.537828947368421 0.909 0.21710526315789475 0.0475
0 0.9084429824561403 0.84575 0.06633771929824561 0.02225
0 0.38048245614035087 0.77275 0.047697368421052634 0.02775
0 0.8711622807017544 0.61125 0.12828947368421054 0.0595
0 0.9747807017543859 0.85475 0.023026315789473683 0.037
0 0.7582236842105263 0.5605 0.17982456140350878 0.02775
0 0.7368421052631579 0.4645 0.04824561403508772 0.01875
0 0.9073464912280702 0.513 0.05043859649122807 0.02025
