0 0.6285247241520229 0.6475635917866993 0.10870453616673478 0.09500459699662887
0 0.8034327748263179 0.05240576156910818 0.06742950551695955 0.04995403003371131
0 0.3878218226399673 0.545816733067729 0.1573355128729056 0.07416487894575544
0 0.5864323661626482 0.7116150781489426 0.11197384552513281 0.11094085197670855
0 0.8022067838169187 0.0 0.04331834899877401 0.08764940239043825
0 0.6089088680016347 0.7051792828685259 0.10298324478953821 0.07018081520073552
0 0.806702084184716 0.02053325160894882 0.06947282386595832 0.040147103892123816
0 0.3228442991418063 0.34600061293288387 0.3077237433592154 0.20625191541526203
0 0.7907642010625255 0.18633159669016242 0.20923579893747446 0.21912350597609562
0 0.5929709848794442 0.1691694759423843 0.18471597874948917 0.08182653999387067
0 0.6027789129546384 0.40514863622433345 0.045361667347772784 0.04137296965982225
0 0.8022067838169187 0.667483910511799 0.08295872496935022 0.04290530186944529
0 0.7086228034327748 0.2647870058228624 0.032693093583980384 0.007355194606190622
