0 0.4178921568627451 0.5 0.01838235294117647 0.029411764705882353
0 0.45588235294117646 0.5340073529411765 0.02696078431372549 0.02696078431372549
0 0.46568627450980393 0.5275735294117647 0.029411764705882353 0.02971813725490196
0 0.6772875816993464 0.0 0.025326797385620915 0.01685049019607843
0 0.5461601307189542 0.2775735294117647 0.03839869281045752 0.011948529411764705
0 0.5763888888888888 0.3017769607843137 0.013480392156862746 0.02696078431372549
0 0.514297385620915 0.2757352941176471 0.015931372549019607 0.023590686274509803
0 0.3553921568627451 0.7512254901960784 0.03799019607843137 0.03370098039215686
0 0.6834150326797386 0.01685049019607843 0.020833333333333332 0.013786764705882353
0 0.6311274509803921 0.04534313725490196 0.026143790849673203 0.021139705882352942
0 0.698937908496732 0.011642156862745098 0.03227124183006536 0.018995098039215685
0 0.6560457516339869 0.040747549019607844 0.00980392156862745 0.01133578431372549
0 0.6662581699346405 0.04381127450980392 0.016748366013071895 0.010416666666666666
0 0.6785130718954249 0.046262254901960786 0.025326797385620915 0.012561274509803922
0 0.6217320261437909 0.12224264705882353 0.011437908496732025 0.010416666666666666
0 0.6535947712418301 0.12009803921568628 0.017973856209150325 0.01133578431372549
0 0.6180555555555556 0.14522058823529413 0.014297385620915032 0.01133578431372549
0 0.5935457516339869 0.15900735294117646 0.011029411764705883 0.006433823529411764
0 0.622140522875817 0.16789215686274508 0.00857843137254902 0.006127450980392157
0 0.5984477124183006 0.19730392156862744 0.018790849673202614 0.012254901960784314
0 0.5788398692810458 0.1801470588235294 0.008169934640522876 0.0070465686274509805
0 0.5379901960784313 0.3072916666666667 0.03594771241830065 0.013480392156862746
0 0.5535130718954249 0.3244485294117647 0.03104575163398693 0.008884803921568627
0 0.5665849673202614 0.35692401960784315 0.02369281045751634 0.008272058823529412
0 0.6233660130718954 0.3440563725490196 0.005718954248366013 0.0070465686274509805
0 0.7969771241830066 0.2542892156862745 0.028186274509803922 0.014399509803921568
0 0.6997549019607843 0.5588235294117647 0.02042483660130719 0.015318627450980392
0 0.5702614379084967 0.4739583333333333 0.014297385620915032 0.016544117647058824
0 0.6209150326797386 0.24632352941176472 0.011029411764705883 0.010416666666666666
0 0.37173202614379086 0.6691176470588235 0.037173202614379085 0.022365196078431373
0 0.4007352941176471 0.5854779411764706 0.008169934640522876 0.006433823529411764
0 0.4571078431372549 0.41207107843137253 0.027369281045751634 0.02144607843137255
0 0.42892156862745096 0.5683210784313726 0.04330065359477124 0.027573529411764705
0 0.47263071895424835 0.5738357843137255 0.014297385620915032 0.011642156862745098
0 0.5825163398692811 0.47794117647058826 0.013480392156862746 0.009191176470588236
0 0.5751633986928104 0.44669117647058826 0.004901960784313725 0.006433823529411764
0 0.42606209150326796 0.48253676470588236 0.01184640522875817 0.017769607843137254
0 0.3002450980392157 0.7745098039215687 0.015931372549019607 0.012867647058823529
0 0.2916666666666667 0.8299632352941176 0.02696078431372549 0.028186274509803922
0 0.4048202614379085 0.6136642156862745 0.012254901960784314 0.013174019607843137
0 0.42810457516339867 0.5266544117647058 0.016748366013071895 0.005821078431372549
0 0.4963235294117647 0.44025735294117646 0.02900326797385621 0.022058823529411766
0 0.3043300653594771 0.8933823529411765 0.028186274509803922 0.014093137254901961
0 0.2193627450980392 0.9469975490196079 0.013480392156862746 0.01133578431372549
0 0.29248366013071897 0.8174019607843137 0.014705882352941176 0.011029411764705883
0 0.40808823529411764 0.6703431372549019 0.007761437908496732 0.023590686274509803
0 0.35784313725490197 0.6838235294117647 0.011029411764705883 0.012561274509803922
0 0.32312091503267976 0.8532475490196079 0.009395424836601307 0.015931372549019607
0 0.31985294117647056 0.7665441176470589 0.03104575163398693 0.023284313725490197
0 0.3247549019607843 0.8376225490196079 0.010620915032679739 0.007352941176470588
0 0.31699346405228757 0.8256740196078431 0.006535947712418301 0.007965686274509803
0 0.45465686274509803 0.4329044117647059 0.012254901960784314 0.006740196078431373
0 0.36642156862745096 0.7074142156862745 0.03227124183006536 0.018995098039215685
0 0.3668300653594771 0.7239583333333334 0.0196078431372549 0.012867647058823529
0 0.35130718954248363 0.7573529411764706 0.006944444444444444 0.009191176470588236
0 0.35947712418300654 0.7306985294117647 0.010212418300653595 0.008884803921568627
0 0.37336601307189543 0.7377450980392157 0.029411764705882353 0.01685049019607843
0 0.31495098039215685 0.8143382352941176 0.008986928104575163 0.00857843137254902
0 0.35661764705882354 0.8373161764705882 0.010620915032679739 0.013174019607843137
0 0.3161764705882353 0.9077818627450981 0.016339869281045753 0.012254901960784314
0 0.3349673202614379 0.9077818627450981 0.015931372549019607 0.01685049019607843
0 0.272875816993464 0.9739583333333334 0.015522875816993464 0.009191176470588236
0 0.26633986928104575 0.9849877450980392 0.013888888888888888 0.011029411764705883
0 0.639297385620915 0.09834558823529412 0.01838235294117647 0.011948529411764705
0 0.6119281045751634 0.17310049019607843 0.035130718954248366 0.01715686274509804
0 0.7001633986928104 0.0 0.046977124183006536 0.014093137254901961
0 0.5069444444444444 0.3428308823529412 0.024918300653594773 0.01991421568627451
0 0.5310457516339869 0.47671568627450983 0.024101307189542485 0.018688725490196078
0 0.46078431372549017 0.4966299019607843 0.0298202614379085 0.022058823529411766
0 0.48284313725490197 0.507046568627451 0.03676470588235294 0.025122549019607844
0 0.46200980392156865 0.4721200980392157 0.03308823529411765 0.02389705882352941
0 0.37540849673202614 0.6412377450980392 0.042075163398692814 0.027879901960784315
0 0.514297385620915 0.46078431372549017 0.027777777777777776 0.020833333333333332
0 0.7728758169934641 0.31862745098039214 0.028594771241830064 0.009497549019607842
0 0.7986111111111112 0.19883578431372548 0.012663398692810458 0.015012254901960785
0 0.8705065359477124 0.05514705882352941 0.0196078431372549 0.01011029411764706
0 0.8950163398692811 0.4794730392156863 0.0196078431372549 0.022365196078431373
0 0.42892156862745096 0.6485906862745098 0.00857843137254902 0.006127450980392157
0 0.39950980392156865 0.7417279411764706 0.00980392156862745 0.013480392156862746
0 0.4775326797385621 0.3700980392156863 0.006127450980392157 0.02420343137254902
0 0.4665032679738562 0.3909313725490196 0.008169934640522876 0.02297794117647059
0 0.3582516339869281 0.8443627450980392 0.011029411764705883 0.03860294117647059
0 0.5690359477124183 0.20220588235294118 0.012254901960784314 0.017463235294117647
0 0.3545751633986928 0.8575367647058824 0.00857843137254902 0.006740196078431373
0 0.35498366013071897 0.7677696078431373 0.006535947712418301 0.004901960784313725
0 0.34477124183006536 0.7886029411764706 0.007761437908496732 0.006433823529411764
0 0.3500816993464052 0.8005514705882353 0.006535947712418301 0.006433823529411764
0 0.29044117647058826 0.9905024509803921 0.006944444444444444 0.006433823529411764
0 0.3312908496732026 0.8713235294117647 0.007352941176470588 0.005821078431372549
0 0.3374183006535948 0.8109681372549019 0.0053104575163398695 0.005821078431372549
