0 0.16973039215686275 0.07720588235294118 0.05177696078431373 0.042075163398692814
0 0.4693627450980392 0.20220588235294118 0.024816176470588234 0.028186274509803922
0 0.15870098039215685 0.3431372549019608 0.00428921568627451 0.006535947712418301
0 0.22794117647058823 0.30718954248366015 0.007352941176470588 0.005718954248366013
0 0.21017156862745098 0.29820261437908496 0.007965686274509803 0.0032679738562091504
0 0.23774509803921567 0.2949346405228758 0.004901960784313725 0.005718954248366013
0 0.20710784313725492 0.2679738562091503 0.007965686274509803 0.004084967320261438
0 0.20833333333333334 0.2434640522875817 0.009191176470588236 0.0024509803921568627
0 0.2604166666666667 0.24918300653594772 0.007965686274509803 0.0032679738562091504
0 0.18995098039215685 0.20669934640522875 0.006740196078431373 0.0032679738562091504
0 0.3290441176470588 0.2687908496732026 0.003676470588235294 0.006535947712418301
0 0.33455882352941174 0.28104575163398693 0.011642156862745098 0.004084967320261438
0 0.40931372549019607 0.2647058823529412 0.007965686274509803 0.0032679738562091504
0 0.47120098039215685 0.22140522875816993 0.0030637254901960784 0.005718954248366013
0 0.38174019607843135 0.1968954248366013 0.004901960784313725 0.004084967320261438
0 0.5257352941176471 0.2777777777777778 0.007352941176470588 0.0032679738562091504
0 0.5318627450980392 0.25 0.006740196078431373 0.005718954248366013
0 0.38296568627450983 0.32679738562091504 0.004901960784313725 0.004901960784313725
0 0.3872549019607843 0.3243464052287582 0.0055147058823529415 0.006535947712418301
0 0.5006127450980392 0.3570261437908497 0.006127450980392157 0.0016339869281045752
0 0.5649509803921569 0.45669934640522875 0.006127450980392157 0.005718954248366013
0 0.84375 0.49019607843137253 0.00980392156862745 0.008169934640522876
0 0.8688725490196079 0.7410130718954249 0.00857843137254902 0.013071895424836602
0 0.8909313725490197 0.7647058823529411 0.012867647058823529 0.010620915032679739
0 0.7922794117647058 0.738562091503268 0.009191176470588236 0.008986928104575163
0 0.35110294117647056 0.4305555555555556 0.00980392156862745 0.006535947712418301
0 0.16176470588235295 0.39624183006535946 0.010416666666666666 0.00980392156862745
0 0.5649509803921569 0.8398692810457516 0.010416666666666666 0.016339869281045753
0 0.2555147058823529 0.10130718954248366 0.007352941176470588 0.0032679738562091504
0 0.044730392156862746 0.10457516339869281 0.006127450980392157 0.0024509803921568627
