0 0.20675 0.049342105263157895 0.03925 0.23355263157894737
0 0.20925 0.19298245614035087 0.06075 0.11074561403508772
0 0.347 0.5131578947368421 0.03775 0.042214912280701754
0 0.39725 0.587171052631579 0.04275 0.05043859649122807
0 0.47575 0.40460526315789475 0.07325 0.2883771929824561
0 0.48425 0.2741228070175439 0.058 0.1387061403508772
0 0.58275 0.2669956140350877 0.05425 0.29276315789473684
0 0.59 0.23355263157894737 0.0485 0.15899122807017543
0 0.64625 0.08442982456140351 0.053 0.3958333333333333
0 0.67275 0.31085526315789475 0.06525 0.3399122807017544
0 0.434 0.2730263157894737 0.0575 0.17817982456140352
0 0.352 -0.0005482456140350877 0.09225 0.2582236842105263
0 0.73325 0.3031798245614035 0.04125 0.06140350877192982
0 0.7335 0.37993421052631576 0.06475 0.05537280701754386
