0 0.2353662273980999 0.5218635063342869 0.09408519767085505 0.21005312627707398
0 0.22218817039534172 0.3461381283203923 0.09439166411277965 0.2141397629750715
0 0.2056389825314128 0.28729055986922764 0.08305240576156911 0.2729873314262362
0 0.31903156604351823 0.2611360850020433 0.07692307692307693 0.15161422149570902
0 0.48850750842782714 0.276665304454434 0.06374501992031872 0.14793624846751124
0 0.5761569108182654 0.25909276665304454 0.0661967514557156 0.1409889660809154
0 0.622739809990806 0.22844299141806293 0.05332516089488201 0.1328156926849203
0 0.683113699049954 0.29342051491622395 0.07539074471345387 0.1446669391091132
0 0.7422617223414036 0.3346955455659992 0.039534171008274596 0.08214139762975071
0 0.6736132393502912 0.25010216591744994 0.0698743487588109 0.13077237433592154
0 0.12626417407293902 0.4352268083367389 0.04443763407906834 0.10993052717613404
0 0.13515170088875267 0.48426644871270946 0.07753600980692614 0.3539027380465877
0 0.65890285013791 0.05639558643236616 0.25988354275206865 0.3040457703310176
0 0.25773827765859636 0.53330608908868 0.03371130861170702 0.032693093583980384
0 0.2552865461231995 0.35063342868818964 0.02880784554091327 0.02656313853698406
0 0.22678516702421084 0.2991418062934205 0.02880784554091327 0.016346546791990192
0 0.5102666258044745 0.28647323252962814 0.021452650934722647 0.012259910093992644
0 0.6092552865461232 0.26644871270944015 0.02022678516702421 0.014303228442991417
0 0.7238737358259271 0.2979158152840212 0.021452650934722647 0.02043318348998774
0 0.7468587189702728 0.3821005312627707 0.013790989886607416 0.020024519820187985
