0 0.2170004086636698 0.1691694759423843 0.1364936657131181 0.11247318418633159
0 0.4511646914589293 0.9377873122893043 0.024519820187985288 0.017775053631627336
0 0.2043318348998774 0.6209010113392583 0.006538618716796077 0.013484523444682808
0 0.20187985288107888 0.6104811523138216 0.02043318348998774 0.011032791909285933
0 0.21005312627707398 0.6472571253447748 0.006538618716796077 0.010419859025436715
0 0.20187985288107888 0.6466441924609255 0.008173273395995096 0.01225865767698437
0 0.0016346546791990192 0.7692307692307693 0.022067838169186758 0.012871590560833588
0 0.05639558643236616 0.44989273674532637 0.011442582754393135 0.01225865767698437
0 0.05884756845116469 0.4204719583205639 0.006538618716796077 0.012871590560833588
0 0.046587658357172046 0.3879865154765553 0.012259910093992644 0.009806926141587496
0 0.0596648957907642 0.4118908979466748 0.004903964037597058 0.009193993257738278
0 0.4356354720065386 0.12749003984063745 0.006538618716796077 0.009193993257738278
0 0.45525132815692687 0.11768311369904995 0.010625255414793625 0.007355194606190622
0 0.47895382100531264 0.23230156297885382 0.022067838169186758 0.006742261722341404
0 0.7503064977523498 0.4333435488813975 0.008990600735594606 0.011645724793135151
0 0.7887208827135268 0.8109102053325161 0.02125051082958725 0.0165491878639289
0 0.01961585615038823 0.5307998774134233 0.01961585615038823 0.006742261722341404
0 0.2738046587658357 0.5688017162120748 0.004086636697997548 0.012871590560833588
