0 0.0003812428516965307 0.681240467717336 0.07129241326725123 0.0472801220132181
0 0.3366374380480366 0.5338078291814946 0.0857796416317194 0.07269954245043213
0 0.6160884483415936 0.35841382816471784 0.09950438429279451 0.1260803253685816
0 0.6683187190240183 0.08083375699034062 0.05642394205108654 0.04016268429079817
0 0.8265345024780786 0.1626842907981698 0.029736942432329393 0.04778851042196238
0 0.8867708730461303 0.19827147941026946 0.0335493709492947 0.04829689883070666
0 0.6606938619900877 0.12811387900355872 0.0335493709492947 0.02592780884595831
0 0.7289363324437667 0.12099644128113879 0.02211208539839878 0.07168276563294357
0 0.31338162409454823 0.17183528215556684 0.01105604269919939 0.011692933401118455
0 0.28250095310712925 0.2018301982714794 0.01639344262295082 0.009659379766141332
0 0.3987800228745711 0.13980681240467718 0.004956157072054899 0.007625826131164209
0 0.3069004956157072 0.5358413828164718 0.009912314144109797 0.01677681748856126
