0 0.7658596383695986 0.7445852063751532 0.09163346613545817 0.09235798937474458
0 0.8930432117683114 0.7151614221495709 0.10726325467361324 0.1058438904781365
0 0.37879252221881704 0.09440130772374336 0.07140668096843396 0.06048222313036371
0 0.49433037082439474 0.06988148753575807 0.05853509040760037 0.0805067429505517
0 0.7116150781489426 0.03677973028197793 0.08489120441311676 0.03759705762157744
0 0.11829604658289918 0.211687780956273 0.026662580447441006 0.11401716387413159
0 0.6346920012258658 0.07764609726195341 0.07110021452650934 0.02125051082958725
0 0.5997548268464603 0.06538618716796077 0.04137296965982225 0.06906416019615856
0 0.8384921851057309 0.5713118103800572 0.1127796506282562 0.14180629342051493
0 0.27643273061599755 0.4495300367797303 0.1918479926448054 0.3273395995096036
0 0.14036163040147104 0.5921536575398447 0.23873735825927062 0.19329791581528402
0 0.06772908366533864 0.53330608908868 0.14005516395954642 0.06211687780956273
0 0.33588722034937174 0.4814058030241112 0.011645724793135151 0.049856967715570084
