0 0.74560546875 0.2994791666666667 0.20263671875 0.6725260416666666
0 0.28271484375 0.3391927083333333 0.1572265625 0.599609375
0 0.10302734375 0.0006510416666666666 0.20361328125 0.9225260416666666
0 0.58984375 0.3977864583333333 0.18017578125 0.57421875
0 0.42138671875 0.3958333333333333 0.17236328125 0.5598958333333334
0 0.81884765625 0.2994791666666667 0.10302734375 0.06380208333333333
0 0.64697265625 0.431640625 0.07568359375 0.07486979166666667
0 0.47314453125 0.4140625 0.0712890625 0.08072916666666667
0 0.2978515625 0.3391927083333333 0.09033203125 0.06315104166666667
0 0.103515625 0.0006510416666666666 0.08251953125 0.06705729166666667
