0 0.5230894973436861 0.30677290836653387 0.10093992644053944 0.054551026662580444
0 0.37024928483857783 0.8832362856267238 0.07274213322435635 0.05914802329144959
0 0.38291785860237026 0.9288997854734906 0.04372701266857376 0.02451731535396874
0 0.5786677564364529 0.69016242721422 0.026154474867184307 0.02022678516702421
0 0.5410706988148754 0.8323628562672387 0.026154474867184307 0.014097456328532026
0 0.6219861054352268 0.7790376953723567 0.013894564773191663 0.02022678516702421
0 0.853289742541888 0.6723873735825927 0.02288516550878627 0.014710389212381244
0 0.9293011851246424 0.6509347226478701 0.026971802206783815 0.017775053631627336
0 0.09644462607274214 0.5001532332209623 0.022067838169186758 0.0165491878639289
0 0.0032693093583980384 0.4836040453570334 0.022067838169186758 0.009806926141587496
0 0.2451982018798529 0.34875881091020533 0.0073559460563955865 0.017775053631627336
