0 0.21600877192982457 0.555 0.0668859649122807 0.028
0 0.3980263157894737 0.5865 0.02850877192982456 0.00425
0 0.41721491228070173 0.6265 0.01644736842105263 0.01125
0 0.24616228070175436 0.593 0.012609649122807048 0.00875
0 0.5685307017543859 0.658 0.03673245614035088 0.01975
0 0.5570175438596491 0.67925 0.019736842105263157 0.0135
0 0.5975877192982456 0.67 0.03399122807017544 0.00525
0 0.6650219298245614 0.7955 0.01918859649122807 0.0145
0 0.7554824561403509 0.80625 0.01644736842105263 0.012000000000000113
0 0.6743421052631579 0.574 0.03289473684210526 0.007
0 0.10197368421052631 0.544 0.030153508771929825 0.0095
