0 0.7001633986928104 0.5597426470588235 0.13766339869281047 0.13143382352941177
0 0.7724673202614379 0.5401348039215687 0.06454248366013073 0.05330882352941176
0 0.21568627450980393 0.5955882352941176 0.05392156862745098 0.03278186274509804
0 0.26348039215686275 0.7153799019607843 0.05310457516339869 0.030943627450980393
0 0.0 0.25949754901960786 0.04534313725490196 0.02389705882352941
0 0.238562091503268 0.8529411764705882 0.05269607843137255 0.0664828431372549
0 0.2508169934640523 0.48682598039215685 0.08169934640522876 0.15134803921568626
0 0.22508169934640523 0.4384191176470588 0.06658496732026144 0.03553921568627451
0 0.23447712418300654 0.4255514705882353 0.034722222222222224 0.013786764705882353
0 0.6748366013071896 0.15870098039215685 0.042075163398692814 0.01838235294117647
0 0.07598039215686274 0.5502450980392157 0.03839869281045752 0.020526960784313725
0 0.11356209150326797 0.5591299019607843 0.025326797385620915 0.015625
0 0.6209150326797386 0.7472426470588235 0.015931372549019607 0.02971813725490196
0 0.764297385620915 0.44056372549019607 0.06862745098039216 0.028186274509803922
0 0.16952614379084968 0.17463235294117646 0.04738562091503268 0.011948529411764705
0 0.49019607843137253 0.19178921568627452 0.09027777777777778 0.015625
0 0.5674019607843137 0.14736519607843138 0.009395424836601307 0.0033700980392156864
0 0.0886437908496732 0.39644607843137253 0.020016339869281044 0.00980392156862745
0 0.7263071895424836 0.8247549019607843 0.017565359477124183 0.0934436274509804
0 0.5706699346405228 0.7745098039215687 0.023284313725490197 0.02542892156862745
0 0.3545751633986928 0.7717524509803921 0.06454248366013073 0.04534313725490196
0 0.7426470588235294 0.5189950980392157 0.051879084967320264 0.04105392156862745
0 0.02042483660130719 0.1792279411764706 0.03676470588235294 0.021752450980392156
0 0.2704248366013072 0.6286764705882353 0.020833333333333332 0.009497549019607842
