0 0.6388888888888888 0.27910539215686275 0.07393790849673203 0.05606617647058824
0 0.6384803921568627 0.32506127450980393 0.012254901960784314 0.01011029411764706
0 0.7393790849673203 0.19270833333333334 0.05923202614379085 0.03615196078431373
0 0.5518790849673203 0.2503063725490196 0.07230392156862746 0.028799019607843136
0 0.4068627450980392 0.6133578431372549 0.11968954248366014 0.0897671568627451
0 0.24101307189542484 0.7582720588235294 0.06495098039215687 0.0545343137254902
0 0.36764705882352944 0.4534313725490196 0.04779411764705882 0.04197303921568627
0 0.7030228758169934 0.14307598039215685 0.013888888888888888 0.008884803921568627
0 0.8941993464052288 0.0055147058823529415 0.027369281045751634 0.022365196078431373
0 0.8995098039215687 0.0 0.03227124183006536 0.013786764705882353
0 0.44362745098039214 0.23284313725490197 0.028594771241830064 0.025735294117647058
0 0.4758986928104575 0.6933210784313726 0.059640522875817 0.06740196078431372
