0 0.07026143790849673 0.0006127450980392157 0.45751633986928103 0.18137254901960784
0 0.09068627450980392 0.06372549019607843 0.30187908496732024 0.18321078431372548
0 0.07230392156862746 0.16482843137254902 0.6919934640522876 0.44577205882352944
0 0.0 0.16145833333333334 0.23651960784313725 0.19087009803921567
0 0.0 0.4810049019607843 0.24183006535947713 0.41237745098039214
0 0.7369281045751634 0.3121936274509804 0.051879084967320264 0.027573529411764705
0 0.6670751633986928 0.53125 0.09313725490196079 0.06678921568627451
0 0.6670751633986928 0.4583333333333333 0.21568627450980393 0.1096813725490196
0 0.002042483660130719 0.4427083333333333 0.41421568627450983 0.31985294117647056
0 0.8901143790849673 0.5530024509803921 0.09272875816993464 0.08241421568627451
0 0.8255718954248366 0.45067401960784315 0.08619281045751634 0.05667892156862745
0 0.9035947712418301 0.3606004901960784 0.0727124183006536 0.03615196078431373
0 0.4019607843137255 0.5775122549019608 0.09844771241830065 0.05024509803921569
0 0.380718954248366 0.6256127450980392 0.13357843137254902 0.05698529411764706
0 0.34763071895424835 0.6084558823529411 0.04616013071895425 0.036458333333333336
0 0.7495915032679739 0.2708333333333333 0.013480392156862746 0.005821078431372549
0 0.880718954248366 0.49142156862745096 0.013888888888888888 0.028799019607843136
0 0.3966503267973856 0.6139705882352942 0.00980392156862745 0.017769607843137254
0 0.5049019607843137 0.5542279411764706 0.05923202614379085 0.13541666666666666
0 0.5281862745098039 0.6740196078431373 0.026552287581699346 0.015931372549019607
