0 0.4097222222222222 0.539828431372549 0.14869281045751634 0.04381127450980392
0 0.23039215686274508 0.5579044117647058 0.15604575163398693 0.04442401960784314
0 0.3533496732026144 0.4408700980392157 0.08374183006535947 0.0784313725490196
0 0.35049019607843135 0.5229779411764706 0.068218954248366 0.03829656862745098
0 0.15522875816993464 0.6896446078431373 0.0428921568627451 0.020526960784313725
0 0.2369281045751634 0.45955882352941174 0.1417483660130719 0.08915441176470588
0 0.4922385620915033 0.4996936274509804 0.058823529411764705 0.02849264705882353
0 0.0923202614379085 0.6574754901960784 0.021241830065359478 0.007965686274509803
0 0.12336601307189543 0.6893382352941176 0.012254901960784314 0.012867647058823529
0 0.15359477124183007 0.6899509803921569 0.008169934640522876 0.011642156862745098
