0 0.2834967320261438 0.7610294117647058 0.17483660130718953 0.10232843137254902
0 0.3786764705882353 0.5471813725490197 0.1474673202614379 0.07077205882352941
0 0.18831699346405228 0.36642156862745096 0.14991830065359477 0.033394607843137254
0 0.17687908496732027 0.32628676470588236 0.061683006535947715 0.03278186274509804
0 0.2267156862745098 0.4537377450980392 0.056372549019607844 0.07107843137254902
0 0.434640522875817 0.22579656862745098 0.08006535947712418 0.024816176470588234
0 0.16625816993464052 0.26776960784313725 0.05024509803921569 0.045649509803921566
0 0.024101307189542485 0.3284313725490196 0.06740196078431372 0.0352328431372549
0 0.04125816993464052 0.09497549019607843 0.03431372549019608 0.04595588235294118
0 0.0008169934640522876 0.07230392156862746 0.028186274509803922 0.020526960784313725
0 0.4464869281045752 0.6243872549019608 0.03308823529411765 0.026348039215686275
0 0.23937908496732027 0.7696078431372549 0.056781045751633986 0.036458333333333336
0 0.18790849673202614 0.3746936274509804 0.00857843137254902 0.006127450980392157
0 0.434640522875817 0.23345588235294118 0.007352941176470588 0.012254901960784314
0 0.10498366013071896 0.3333333333333333 0.09313725490196079 0.05116421568627451
0 0.0 0.22242647058823528 0.18259803921568626 0.10723039215686274
0 0.0 0.0 0.020833333333333332 0.03125
0 0.05514705882352941 0.05759803921568627 0.02900326797385621 0.01991421568627451
0 0.22303921568627452 0.6681985294117647 0.016748366013071895 0.015931372549019607
0 0.3104575163398693 0.8792892156862745 0.017973856209150325 0.02144607843137255
