0 0.7162120747778118 0.6485492439722109 0.009500459699662888 0.026154474867184307
0 0.4802329144958627 0.6195341234164283 0.014403922770456636 0.021659174499387004
0 0.5596077229543365 0.6068655496526358 0.06497088568801716 0.0641601961585615
0 0.2381244253754214 0.6023702492848386 0.06068035550107263 0.09930527176134042
0 0.3052405761569108 0.63342868818962 0.0563898253141281 0.085002043318349
0 0.5430585350904076 0.5496526358806703 0.09837572785779958 0.06661217817736004
0 0.48697517621820413 0.5529219452390682 0.08182653999387067 0.13976297507151614
0 0.1452650934722648 0.5901103391908459 0.0364695065890285 0.05026563138536984
0 0.12411890897946674 0.6281160604822231 0.030033711308611707 0.03923171230077646
0 0.6527735212994177 0.9521863506334287 0.015323322096230463 0.013894564773191663
