0 0.2436408213300643 0.4503473641193297 0.046582899172540604 0.1238250919493258
0 0.2859331903156604 0.4323661626481405 0.04719583205638982 0.13649366571311802
0 0.32669322709163345 0.4368614630159378 0.0487281642660128 0.1446669391091131
0 0.37296965982224944 0.47241520228851647 0.04903463070793748 0.12423375561912546
0 0.4152620288078455 0.451573355128729 0.04903463070793748 0.1393543114017164
0 0.4584737971192153 0.4376787903555374 0.043211768311370045 0.13077237433592154
0 0.4998467667790377 0.4303228442991418 0.04321176831136977 0.14548426644871262
0 0.540300337113086 0.4556599918267266 0.04688936561446522 0.14630159378831203
0 0.5828991725406066 0.4323661626481405 0.043211768311369976 0.19411524315488354
0 0.6408213300643579 0.48957907642010623 0.06190622126877107 0.13445034736411934
0 0.46337726019000913 0.5913363302002452 0.11400551639595465 0.06089088680016328
0 0.3631627336806619 0.5933796485492437 0.10021452650934723 0.05435226808336748
0 0.24639901930738584 0.5864323661626482 0.11400551639595465 0.06048222313036353
0 0.2319950965369292 0.5798937474458521 0.028194912657063982 0.03596240294237842
0 0.3086117070180815 0.5455659991826725 0.015936254980079716 0.01920719248058866
0 0.3463070793748085 0.5692684920310582 0.01225865767698437 0.00858193706579485
0 0.4247624885075083 0.5745811197384553 0.013178057002758198 0.008173273395995096
0 0.4728777198896721 0.5488353085410705 0.010113392583511967 0.01062525541479381
0 0.5167024210848912 0.5623212096444626 0.010726325467361254 0.006538618716795891
0 0.43610174685871883 0.3297915815284021 0.02482378179589342 0.01552921945239073
0 0.39534171008274593 0.3302002451982019 0.03769537235672694 0.022067838169186758
0 0.37511492491572174 0.33346955455659993 0.02359791602819491 0.03800572129137715
0 0.6395954642966594 0.37392725786677555 0.022678516702421225 0.035145075602779005
0 0.6086423536622739 0.8953821005312628 0.006435795280416794 0.02329382917858584
0 0.5966901624272142 0.6105435226808336 0.02022678516702421 0.015120555782590927
