0 0.5056696291756053 0.2819779321618308 0.06159975482684646 0.06375153248876175
0 0.6086423536622739 0.4131589701675521 0.06895494943303708 0.11646914589293011
0 0.5200735519460619 0.4176542705353494 0.012871590560833588 0.014711892112791173
0 0.5323322096230463 0.45075602778912954 0.017468587189702726 0.02819779321618308
0 0.7327612626417407 0.45688598283612586 0.04198590254367147 0.05762157744176543
0 0.8712840943916641 0.5455659991826727 0.03432424149555623 0.030241111565181854
0 0.7321483297578915 0.3731099305271761 0.011645724793135151 0.012668573763792398
0 0.6325467361323935 0.37024928483857783 0.00827459393196445 0.011033919084593379
0 0.5973030953110634 0.25623212096444625 0.015323322096230463 0.0425010216591745
0 0.5648176524670548 0.37474458520637516 0.01562978853815507 0.011442582754393135
0 0.5789151087955868 0.4442174090723335 0.019000919399325775 0.013894564773191663
0 0.6641127796506282 0.45157335512872904 0.017468587189702726 0.01961585615038823
0 0.5430585350904076 0.5161422149570903 0.013790989886607416 0.026154474867184307
0 0.4639901930738584 0.6211687780956273 0.05179282868525897 0.02288516550878627
0 0.3499846766779038 0.6305680425010216 0.015016855654305853 0.01879852881078872
0 0.6196751455715599 0.5774417654270535 0.01961385228317499 0.06252554147936248
0 0.6497088568801717 0.53330608908868 0.05209929512718357 0.05067429505516959
0 0.6003677597303095 0.6747037188393952 0.02022678516702421 0.017572537801389457
0 0.5810603738890592 0.513281569268492 0.04198590254367147 0.024928483857785042
0 0.6638063132087036 0.5913363302002452 0.009500459699662888 0.02125051082958725
0 0.6993564204719583 0.5382100531262771 0.021759117376647256 0.044135676338373515
0 0.7116150781489426 0.6207601144258276 0.01624272142200429 0.010625255414793625
0 0.6855654305853509 0.6187167960768287 0.015016855654305853 0.01879852881078872
0 0.6852589641434262 0.6285247241520229 0.007355194606190622 0.027380465876583573
0 0.7036469506589028 0.6473232529628116 0.010726325467361323 0.014303228442991417
0 0.5185412197364389 0.5811197384552513 0.011645724793135151 0.012259910093992644
0 0.6386760649708857 0.6080915406620352 0.014403922770456636 0.022067838169186758
0 0.4940239043824701 0.8210053126277074 0.01685565430585351 0.014711892112791173
0 0.6634998467667791 0.6199427870862281 0.011645724793135151 0.011033919084593379
0 0.6806619675145572 0.6195341234164283 0.004290530186944529 0.013894564773191663
0 0.6144652160588415 0.723334695545566 0.017468587189702726 0.01021659174499387
0 0.6607416487894575 0.6375153248876175 0.011032791909285933 0.013077237433592154
0 0.6086423536622739 0.5406620351450756 0.007661661048115232 0.006947282386595832
0 0.5859638369598529 0.6097261953412342 0.006742261722341404 0.010625255414793625
0 0.6389825314128103 0.7331426236207601 0.013178057002758198 0.011442582754393135
0 0.7422617223414036 0.7584797711483449 0.006742261722341404 0.02043318348998774
0 0.8277658596383696 0.793216183081324 0.006435795280416794 0.015937883122190438
0 0.6481765246705485 0.35022476501838984 0.009806926141587496 0.009807928075194115
0 0.6472571253447748 0.6330200245198202 0.01195219123505976 0.007764609726195341
0 0.6395954642966595 0.6403759705762158 0.005209929512718358 0.013077237433592154
0 0.6451118602513025 0.7004495300367797 0.006742261722341404 0.016755210461789946
0 0.65491878639289 0.7155700858193706 0.007355194606190622 0.01021659174499387
0 0.6638063132087036 0.4413567633837352 0.013178057002758198 0.010625255414793625
0 0.6809684339564818 0.48671843073150795 0.007355194606190622 0.007764609726195341
0 0.30309531106343857 0.4593379648549244 0.026969046889365616 0.015120555782590927
0 0.681581366840331 0.8794442174090723 0.018694452957401166 0.00858193706579485
0 0.8342016549187864 0.7278299959133633 0.013790989886607416 0.015937883122190438
0 0.6254980079681275 0.3661626481405803 0.008581060373889058 0.0053126277073968125
0 0.8921238124425376 0.2451982018798529 0.009806926141587496 0.014711892112791173
0 0.9025436714679742 0.2476501838986514 0.013178057002758198 0.014711892112791173
0 0.8961078761875575 0.22844299141806293 0.021452650934722647 0.019207192480588477
0 0.9187863928899785 0.22844299141806293 0.011645724793135151 0.00858193706579485
0 0.5878026356114006 0.9579076420106253 0.02022678516702421 0.01021659174499387
0 0.7287771988967208 0.007764609726195341 0.019000919399325775 0.010625255414793625
