0 0.10726325467361322 0.22108704536166734 0.24088262335274288 0.35063342868818964
0 0.16395954642966595 0.32856559051900286 0.03340484216978237 0.04045770331017572
0 0.11523138216365306 0.27829995913363303 0.033098375727857815 0.03882304863097666
0 0.12166717744406988 0.24233755619125455 0.029114311982837864 0.054760931753167146
0 0.14066809684339562 0.3020024519820188 0.04014710389212383 0.058030241111565184
0 0.6432730615997548 0.39967306906416017 0.054551026662580306 0.12300776460972625
0 0.6684033098375727 0.22844299141806293 0.07998774134232316 0.09521863506334283
0 0.6233527428746551 0.2979158152840212 0.06282562059454483 0.04045770331017572
0 0.80784554091327 0.10543522680833671 0.02359791602819491 0.013894564773191686
0 0.7385841250383083 0.3081324070290151 0.025743181121667038 0.024519820187985243
0 0.7106956788231688 0.16469145892930115 0.009500459699662888 0.010216591744993894
0 0.7370517928286853 0.15447486718430728 0.011032791909285933 0.008990600735594628
0 0.4722647870058228 0.12586841029832446 0.009193993257738347 0.008990600735594606
0 0.36867912963530486 0.2930118512464242 0.01225865767698437 0.01021659174499387
0 0.4370211461844928 0.2954638332652227 0.011952191235059691 0.011442582754393135
0 0.5712534477474717 0.30404577033101754 0.010726325467361323 0.011851246424192888
0 0.8623965675758503 0.016755210461789943 0.013484523444682808 0.0081732733959951
