0 0.42892156862745096 0.6363357843137255 0.2062908496732026 0.1246936274509804
0 0.42892156862745096 0.7300857843137255 0.0298202614379085 0.030637254901960783
0 0.4950980392156863 0.7530637254901961 0.024101307189542485 0.02420343137254902
0 0.5224673202614379 0.7616421568627451 0.011437908496732025 0.018075980392156864
0 0.5678104575163399 0.29473039215686275 0.07393790849673203 0.061887254901960786
0 0.47058823529411764 0.14185049019607843 0.11151960784313726 0.06985294117647059
0 0.548202614379085 0.14950980392156862 0.024101307189542485 0.008884803921568627
0 0.5187908496732027 0.03615196078431373 0.01184640522875817 0.016237745098039217
0 0.5649509803921569 0.014093137254901961 0.02246732026143791 0.01011029411764706
0 0.5759803921568627 0.19669117647058823 0.026143790849673203 0.012254901960784314
0 0.5302287581699346 0.16544117647058823 0.03227124183006536 0.014093137254901961
0 0.5718954248366013 0.07352941176470588 0.0363562091503268 0.013786764705882353
0 0.5804738562091504 0.09466911764705882 0.027777777777777776 0.013480392156862746
