0 0.5418880261544748 0.3236285626723874 0.1328156926849203 0.10144039227704567
0 0.5422966898242746 0.39564817652467055 0.04127503064977524 0.029420778424762487
0 0.5206375153248877 0.4226172234140362 0.02125051082958725 0.027888446215139442
0 0.7572537801389456 0.2316886300950046 0.02043318348998774 0.03493717437940545
0 0.7707396812423376 0.1985902543671468 0.012259910093992644 0.02359791602819491
0 0.21986105435226808 0.6098682194299724 0.047813649366571315 0.027888446215139442
0 0.19288925214548427 0.6245786086423537 0.03064977523498161 0.02390438247011952
0 0.23498161013485902 0.5681887833282255 0.056804250102165915 0.026662580447441006
0 0.1610134859011034 0.6285626723873736 0.0380057212913772 0.032178976402083975
0 0.8774008990600736 0.11707018081520074 0.02125051082958725 0.013484523444682808
