0 0.07764609726195341 0.3974869751762182 0.08704536166734775 0.06190622126877107
0 0.46791990192071914 0.10695678823168862 0.022476501838986515 0.02543671467974255
0 0.6195341234164282 0.10573092246399017 0.042092357989374746 0.02850137909898866
0 0.5492439722108704 0.15292675452038 0.07069881487535758 0.03493717437940544
0 0.5439313445034737 0.17162120747778115 0.0425010216591745 0.04750229849831444
0 0.3661626481405803 0.6080294207784247 0.27339599509603596 0.10481152313821629
0 0.6121781773600327 0.6874042292368986 0.027789129546383327 0.02513024823781796
0 0.5492439722108704 0.21084891204413117 0.011851246424192888 0.008581060373889024
0 0.6109521863506333 0.17805700275819797 0.009807928075194115 0.008581060373889024
0 0.4666939109113199 0.08274593931964448 0.019615856150388324 0.02329144958627032
