0 0.4673614920460779 0.03925981495373843 0.06692265496434449 0.012503125781445355
0 0.4492594624245749 0.45561390347586894 0.11025781678551838 0.023505876469117278
0 0.537575425123423 0.48737184296074026 0.008776741634668067 0.01100275068767186
0 0.648381788261108 0.4726181545386347 0.024136039495337356 0.00900225056264066
0 0.25891387822270984 0.5668917229307326 0.013165112452002194 0.013003250812703177
0 0.35929786066922653 0.6131532883220805 0.030170049369171694 0.010502625656414103
0 0.36752605595172794 0.6186546636659165 0.02029621503017005 0.007251812953238309
0 0.17992320351069666 0.7216804201050263 0.051014810751508474 0.008002000500125032
0 0.21283598464070214 0.7056764191047762 0.021393307734503566 0.014753688422105527
0 0.10916072408118487 0.7829457364341085 0.022490400438837082 0.01900475118779695
0 0.3368074602303895 0.9429857464366092 0.044432254525507406 0.01575393848462127
0 0.6763576522216127 0.929982495623906 0.031267142073505214 0.015003750937734433
0 0.2473944048272079 0.5673918479619905 0.012068019747668678 0.009502375593898474
0 0.5671969281404279 0.45861465366341586 0.015907844212835986 0.009752438109527382
0 0.6236972024136039 0.39234808702175544 0.010970927043335162 0.006001500375093774
0 0.6324739440482721 0.07701925481370342 0.01426220515633571 0.003250812703175794
0 0.924849149753154 0.9399849962490624 0.04114097641250698 0.03600900225056253
0 0.5117937465715853 0.784446111527882 0.03455842018650576 0.028257064266066518
0 0.06034009873834339 0.7191797949487372 0.042238069116840374 0.024756189047261814
0 0.20460778935820076 0.7379344836209052 0.06363137685134394 0.017504376094023506
0 0.010422380691168404 0.7616904226056515 0.024684585847504114 0.011252813203300824
