0 0.0 0.0 0.14373276126264173 0.03800572129137719
0 0.6558381857186638 0.4446260727421332 0.04382470119521899 0.02043318348998765
0 0.7980386147716824 0.47609317531671436 0.010726325467361464 0.004903964037597058
0 0.21422004290530186 0.5206375153248877 0.012871590560833554 0.006538618716796077
0 0.6233527428746551 0.4703718839395178 0.007355194606190552 0.006129955046996322
0 0.7477781182960466 0.5373927257866775 0.01256512411890884 0.009399264405394453
0 0.9172540606803555 0.5529219452390682 0.00888752681581353 0.0077646097261952485
0 0.7284707324547961 0.42623620760114417 0.008581060373889199 0.015120555782590927
0 0.44468280723260795 0.40335104209235795 0.01930738584125045 0.020433183489987787
0 0.45816733067729076 0.42010625255414796 0.02022678516702421 0.011033919084593379
0 0.23659209316579835 0.41234164282795255 0.016855654305853476 0.027380465876583524
0 0.13055470425988355 0.5046996322026972 0.010726325467361323 0.0053126277073968125
0 0.04995403003371131 0.43073150796894155 0.015016855654305853 0.016755210461789946
0 0.61569108182654 0.531671434409481 0.009193993257738278 0.007764609726195341
0 0.8044744100520993 0.5606865549652635 0.017775053631627336 0.011033919084593379
0 0.8470732454796199 0.4572946465059256 0.03616304014710389 0.0171638741315897
0 0.8375727857799571 0.42092357989374746 0.035856573705179286 0.0171638741315897
0 0.9160281949126571 0.46056395586432364 0.011645724793135151 0.007764609726195341
0 0.9086730003064665 0.5022476501838986 0.02359791602819491 0.011033919084593379
0 0.6785167024210849 0.42255823457294645 0.015016855654305853 0.0073559460563955865
0 0.5197670855041373 0.47159787494891703 0.00827459393196445 0.006538618716796077
0 0.482378179589335 0.4323661626481406 0.010726325467361323 0.0073559460563955865
