0 0.44188596491228077 0.48325000000000007 0.10197368421052626 0.023499999999999945
0 0.4473684210526316 0.4922500000000001 0.02138157894736842 0.007249999999999943
0 0.5520833333333334 0.41850000000000004 0.053179824561403445 0.02325
0 0.6074561403508771 0.46675000000000005 0.03453947368421053 0.008
0 0.47642543859649117 0.4825 0.02412280701754392 0.008
0 0.4928728070175438 0.48325000000000007 0.015899122807017545 0.00675
0 0.5175438596491229 0.48175 0.018092105263157958 0.003
0 0.35964912280701755 0.5325 0.022478070175438597 0.00825
0 0.38048245614035087 0.5035 0.010964912280701754 0.01
0 0.3519736842105263 0.5082500000000001 0.03673245614035088 0.013999999999999943
0 0.26535087719298245 0.50625 0.03782894736842105 0.0125
0 0.24835526315789475 0.54775 0.01425438596491228 0.011
0 0.2883771929824561 0.5435 0.020285087719298246 0.0105
0 0.12938596491228072 0.607 0.020285087719298246 0.01175
0 0.0581140350877193 0.63675 0.013706140350877192 0.01075
0 0.15899122807017543 0.56125 0.03070175438596491 0.00825
0 0.03837719298245614 0.55625 0.14418859649122806 0.08675
