0 0.5808823529411765 0.20128676470588236 0.042075163398692814 0.051470588235294115
0 0.42034313725490197 0.21200980392156862 0.016339869281045753 0.010416666666666666
0 0.633578431372549 0.15012254901960784 0.013071895424836602 0.011642156862745098
0 0.3190359477124183 0.32138480392156865 0.010620915032679739 0.016544117647058824
0 0.3713235294117647 0.3164828431372549 0.010212418300653595 0.010416666666666666
0 0.4730392156862745 0.3400735294117647 0.013480392156862746 0.014093137254901961
0 0.5061274509803921 0.3587622549019608 0.016748366013071895 0.03768382352941176
0 0.48366013071895425 0.36611519607843135 0.008986928104575163 0.006127450980392157
0 0.4750816993464052 0.2503063725490196 0.01919934640522876 0.0070465686274509805
0 0.5584150326797386 0.3226102941176471 0.014297385620915032 0.007352941176470588
0 0.5620915032679739 0.34068627450980393 0.00980392156862745 0.007352941176470588
0 0.4178921568627451 0.47579656862745096 0.02042483660130719 0.013480392156862746
0 0.42034313725490197 0.42371323529411764 0.011437908496732025 0.013174019607843137
0 0.45465686274509803 0.48253676470588236 0.025735294117647058 0.01838235294117647
0 0.40645424836601307 0.6887254901960784 0.09027777777777778 0.10018382352941177
0 0.5804738562091504 0.6623774509803921 0.10253267973856209 0.08854166666666667
0 0.40645424836601307 0.7708333333333334 0.028594771241830064 0.0196078431372549
0 0.42892156862745096 0.7751225490196079 0.02900326797385621 0.01685049019607843
0 0.511437908496732 0.6222426470588235 0.014705882352941176 0.00857843137254902
0 0.5747549019607843 0.6194852941176471 0.014705882352941176 0.013786764705882353
0 0.3243464052287582 0.5839460784313726 0.010212418300653595 0.011948529411764705
0 0.5392156862745098 0.9209558823529411 0.02287581699346405 0.026348039215686275
0 0.5796568627450981 0.42861519607843135 0.0053104575163398695 0.01133578431372549
0 0.3888888888888889 0.06893382352941177 0.00980392156862745 0.013480392156862746
0 0.49959150326797386 0.35631127450980393 0.010620915032679739 0.012254901960784314
0 0.09354575163398693 0.3125 0.027369281045751634 0.017769607843137254
0 0.6200980392156863 0.5585171568627451 0.010620915032679739 0.018688725490196078
0 0.12295751633986927 0.19240196078431374 0.016339869281045753 0.01715686274509804
