0 0.6995614035087719 0.42825 0.10307017543859649 0.03175
0 0.7023026315789473 0.58 0.007675438596491228 0.006
0 0.7258771929824561 0.5975 0.007675438596491228 0.00725
0 0.7439692982456141 0.6805 0.018092105263157895 0.00925
0 0.7955043859649122 0.9115 0.047697368421052634 0.00725
0 0.7730263157894737 0.8655 0.01206140350877193 0.0155
0 0.7817982456140351 0.8775 0.01644736842105263 0.01375
0 0.7894736842105263 0.87625 0.014802631578947368 0.0135
0 0.7779605263157895 0.89425 0.018092105263157895 0.014
0 0.8009868421052632 0.82925 0.0268640350877193 0.00375
0 0.7944078947368421 0.762 0.015899122807017545 0.01125
0 0.7867324561403509 0.77875 0.021929824561403508 0.01
0 0.7598684210526315 0.6575 0.021929824561403508 0.00675
0 0.6419956140350878 0.13975 0.01425438596491228 0.004
0 0.7702850877192983 0.66325 0.046600877192982455 0.0175
