0 0.7670617082141398 0.2255593012565124 0.17368205966489578 0.13423230156297886
0 0.7776869636289334 0.16058841556849526 0.18430731507968942 0.10144039227704567
0 0.4180629342051492 0.5455102666258045 0.09848794442174091 0.22739809990806006
0 0.2917858602370249 0.6843395648176525 0.027789129546383327 0.02390438247011952
0 0.380057212913772 0.5752375114924916 0.02819779321618308 0.01256512411890898
0 0.24601552921945238 0.8826233527428746 0.05108295872496935 0.010726325467361323
0 0.1663261136085002 0.8446215139442231 0.04372701266857376 0.019000919399325775
0 0.22885165508786268 0.4437634079068342 0.19329791581528402 0.09684339564817653
0 0.37842255823457294 0.4529574011645725 0.07928075194115243 0.08826233527428747
0 0.27012668573763793 0.46429665951578303 0.2648140580302411 0.06864848299111247
0 0.4172456068655497 0.5050566962917561 0.020024519820187985 0.01225865767698437
0 0.4662852472415202 0.5032178976402084 0.028606456885982835 0.01195219123505976
0 0.319983653453208 0.9672080907140668 0.024519820187985288 0.026049647563591787
0 0.45811197384552516 0.36408213300643577 0.008990600735594606 0.017775053631627336
