0 0.4646505925623212 0.37296965982224944 0.24765018389865132 0.14036163040147104
0 0.4630159378831222 0.46337726019000913 0.05557825909276656 0.03861477168250083
0 0.00040866366979975475 0.12473184186331594 0.39436044135676335 0.24885075084278271
0 0.2386595831630568 0.437634079068342 0.031467102574581074 0.01961385228317499
0 0.16755210461789943 0.5004596996628868 0.024519820187985288 0.01685565430585358
0 0.033919084593379646 0.37235672693840016 0.2464241928892521 0.08152007355194606
0 0.0 0.34600061293288387 0.06375153248876174 0.03555010726325467
0 0.04127503064977524 0.3634692001225865 0.02411115651818552 0.0199203187250996
0 0.00040866366979975475 0.4762488507508427 0.05149162239476911 0.259577076310144
0 0.03187576624438087 0.5550107263254673 0.06579485083776053 0.14097456328532032
0 0.3690232938291786 0.6245786086423537 0.017163874131589655 0.01287159056083345
0 0.04577033101757254 0.5127183573398713 0.08132407029015118 0.05363162733680662
0 0.0 0.13147410358565736 0.07805476093175316 0.04750229849831445
