0 0.17647058823529407 0.5580065359477123 0.05606617647058824 0.07271241830065368
0 0.17064950980392157 0.6127450980392157 0.017463235294117647 0.007352941176470495
0 0.22579656862745096 0.5490196078431372 0.04381127450980392 0.06372549019607852
0 0.5621936274509803 0.8995098039215687 0.0340073529411764 0.01184640522875817
0 0.602328431372549 0.8464052287581697 0.017463235294117647 0.019199346405228943
0 0.5572916666666666 0.7634803921568627 0.016237745098039217 0.0093954248366014
0 0.6363357843137255 0.750408496732026 0.010416666666666666 0.024918300653594773
0 0.5481004901960783 0.8276143790849673 0.06403186274509803 0.07107843137254911
0 0.8949142156862745 0.8104575163398692 0.013174019607842999 0.029820261437908405
0 0.5557598039215685 0.6744281045751634 0.005208333333333333 0.01633986928104566
0 0.22886029411764705 0.7275326797385621 0.015318627450980392 0.015931372549019607
0 0.9249387254901961 0.9877450980392157 0.016237745098039217 0.011437908496732025
