0 0.46626439934174435 0.6646661665416355 0.07789358200767965 0.048512128032008
0 0.3976961053208996 0.6206551637909478 0.029072956664838178 0.004001000250062516
0 0.5946242457487658 0.6801700425106276 0.029072956664838178 0.010502625656414103
0 0.43773998902907296 0.7914478619654913 0.03565551289083928 0.007001750437609402
0 0.3702687877125617 0.7124281070267567 0.11025781678551838 0.05901475368842211
0 0.4459681843115743 0.5601400350087522 0.014810751508502468 0.005501375343835959
0 0.35765222161272625 0.45861465366341586 0.020844761382336808 0.007501875468867217
0 0.4004388370817334 0.26106526631657917 0.01151947339550192 0.0042510627656914225
0 0.40153592978606695 0.8914728682170543 0.010422380691168404 0.015503875968992248
0 0.9215578716401536 0.8629657414353589 0.021393307734503566 0.019504876219054765
0 0.7624794295117937 0.943485871467867 0.020844761382336808 0.016504126031507877
0 0.15249588590235874 0.6244061015253813 0.027975863960504662 0.006501625406351588
0 0.32254525507405374 0.3810952738184546 0.013713658804168952 0.008752188047011753
0 0.6489303346132749 0.361090272568142 0.014810751508502468 0.008252063015753939
0 0.8606692265496434 0.7996999249812453 0.019199122325836534 0.011752938234558639
