0 0.5529347229840922 0.4446111527881971 0.170049369171695 0.051762940735183796
0 0.44322545255074053 0.48537134283570893 0.16127262753702687 0.03075768942235559
0 0.691716950082282 0.4808702175543886 0.03291278113000549 0.014753688422105527
0 0.4333516182117389 0.4363590897724431 0.05485463521667581 0.04101025256314079
0 0.3011519473395502 0.47461865466366593 0.08173340647284695 0.04551137784446112
0 0.017004936917169502 0.746436609152288 0.18650575973669775 0.06626656664166042
0 0.7745474492594624 0.878469617404351 0.06801974766867801 0.009502375593898474
0 0.7136588041689522 0.5371342835708928 0.04388370817334065 0.01900475118779695
0 0.35545803620405925 0.7126781695423856 0.08063631376851343 0.007001750437609402
0 0.5063082830499177 0.40785196299074766 0.16127262753702687 0.056264066016504126
0 0.5436094349972572 0.5603900975243811 0.021393307734503566 0.011002750687671918
