0 0.7549342105263158 0.0 0.24451754385964913 0.1905
0 0.8547149122807017 0.272 0.0581140350877193 0.01825
0 0.774671052631579 0.256 0.046052631578947366 0.0245
0 0.5285087719298246 0.28625 0.07236842105263158 0.026
0 0.44901315789473684 0.387 0.06524122807017543 0.019500000000000055
0 0.4375 0.7355 0.0800438596491228 0.10675
0 0.28728070175438597 0.55575 0.10964912280701754 0.0395
0 0.42489035087719296 0.519 0.020285087719298184 0.00625
0 0.47478070175438597 0.523 0.020833333333333332 0.00475
0 0.25164473684210525 0.36725 0.023026315789473683 0.007
