0 0.8862215553888472 0.0005485463521667581 0.060515128782195546 0.09215578716401536
0 0.8474618654663666 0.12616566099835438 0.014003500875218918 0.02742731760833789
0 0.7786946736684172 0.4103126714207351 0.03400850212553138 0.04278661546900713
0 0.41660415103775944 0.3960504662643993 0.10177544386096524 0.21557871640153592
0 0.4516129032258064 0.3532638507953922 0.015253813453363454 0.014810751508502468
0 0.36384096024006 0.3938562808557323 0.035758939734933735 0.09325287986834888
0 0.2348087021755439 0.51947339550192 0.10402600650162541 0.2660449808008777
0 0.49187296824206056 0.6401535929786067 0.019004751187796893 0.027427317608337904
0 0.5256314078519629 0.6653867251782776 0.012753188297074268 0.030718595721338452
0 0.9072268067016754 0.8831596269884805 0.09177294323580895 0.08392759188151398
