0 0.0 0.7624794295117937 0.035508877219304825 0.058694459681843114
0 0.2458114528632158 0.7509599561162918 0.06801700425106276 0.0641799232035107
0 0.2880720180045011 0.9391113549094898 0.04951237809452363 0.060888645090510146
0 0.1557889472368092 0.7674163466812945 0.010002500625156289 0.06527701590784421
0 0.5591397849462365 0.911684037301152 0.0277569392348087 0.05156335710367526
0 0.6471617904476119 0.8464070213933077 0.035758939734933735 0.15304443225452552
0 0.7171792948237059 0.21667580910586945 0.01825456364091023 0.039495337356006584
0 0.40660165041260315 0.591881513987932 0.019504876219054765 0.055951727921009324
0 0.6719179794948738 0.7739989029072957 0.027506876719179795 0.027975863960504662
0 0.015253813453363341 0.6697750959956116 0.0450112528132033 0.03236423477783873
0 0.7614403600900225 0.7290181020296215 0.009502375593898474 0.019199122325836534
0 0.8202050512628157 0.6291826659352715 0.023755938984746188 0.04552934722984092
0 0.5321330332583146 0.7103675260559518 0.042010502625656414 0.05375754251234229
0 0.6834208552138035 0.7986834887547998 0.01900475118779695 0.038946791003839826
