0 0.2958656330749354 0.49781976744186046 0.4186046511627907 0.1385658914728682
0 0.520671834625323 0.5535368217054264 0.1231696813092162 0.07146317829457365
0 0.35314384151593453 0.6092538759689923 0.35486649440137813 0.1509205426356589
0 0.08828596037898363 0.7463662790697675 0.338931955211025 0.2126937984496124
0 0.21059431524547803 0.7068798449612403 0.2045650301464255 0.07800387596899225
0 0.11627906976744186 0.7080910852713178 0.5133505598621878 0.28512596899224807
0 0.6955211024978467 0.5237403100775194 0.22782084409991388 0.1002906976744186
0 0.8376399655469423 0.5242248062015504 0.056847545219638244 0.06540697674418605
0 0.8604651162790697 0.5879360465116279 0.13781223083548666 0.09714147286821706
0 0.5400516795865633 0.7257751937984496 0.13522825150732126 0.09326550387596899
0 0.7071490094745909 0.6128875968992248 0.23169681309216192 0.15528100775193798
