0 0.48006441245396714 0.4460195066842403 0.09273518580515568 0.041611749199774055
0 0.7284741881486442 0.1415929203539823 0.13993973886842986 0.05309734513274336
0 0.48255138935386677 0.47626222933534174 0.009039169735520589 0.01581623046507249
0 0.7267683963843321 0.689933722462813 0.08436558419819216 0.05667482583317643
0 0.37146682289923 0.855224063264922 0.08470036826247071 0.014121634343814724
0 0.7906483762972881 0.8813873093579363 0.027452293270840308 0.006966672942948597
0 0.9601606963508537 0.774618715872717 0.025443588885169066 0.009226134437958953
0 0.8192166052895882 0.5763509696855583 0.020087043856712422 0.012803615138392017
0 0.34382323401406095 0.6817925061193749 0.024774020756611986 0.0067783844850310675
0 0.8416471375962504 0.5063076633402372 0.022765316370940744 0.008472980606288835
0 0.7766990291262136 0.4712860101675767 0.012721794442584533 0.012238749764639428
0 0.020087043856712422 0.7224628130295613 0.013726146635420154 0.014309922801732254
