0 0.4042838018741633 0.5929969879518072 0.17369477911646586 0.04292168674698795
0 0.4963186077643909 0.5013177710843374 0.023761713520749666 0.005647590361445783
0 0.5589022757697456 0.551769578313253 0.024096385542168676 0.006400602409638554
0 0.820281124497992 0.4036144578313253 0.02208835341365462 0.005271084337349397
0 0.6338688085676037 0.416980421686747 0.01104417670682731 0.009036144578313253
0 0.24096385542168675 0.6364834337349398 0.03112449799196787 0.005082831325301205
0 0.4956492637215529 0.807605421686747 0.02108433734939759 0.01148343373493976
0 0.9461178045515395 0.3625753012048193 0.011713520749665328 0.007153614457831325
0 0.9528112449799196 0.19917168674698796 0.011378848728246318 0.003953313253012048
0 0.9387550200803213 0.23588102409638553 0.01572958500669344 0.0037650602409638554
0 0.7791164658634538 0.24021084337349397 0.013386880856760375 0.0037650602409638554
0 0.7918340026773761 0.25 0.011378848728246318 0.004141566265060241
0 0.4066265060240964 0.30666415662650603 0.01740294511378849 0.0026355421686746986
0 0.4350736278447122 0.29103915662650603 0.01706827309236948 0.00470632530120482
0 0.6238286479250335 0.2867093373493976 0.01706827309236948 0.005271084337349397
0 0.5890227576974565 0.2740963855421687 0.0107095046854083 0.007530120481927711
0 0.4815930388219545 0.2840737951807229 0.005689424364123159 0.0062123493975903615
0 0.24397590361445784 0.3345256024096386 0.015394912985274432 0.004894578313253012
0 0.04785809906291834 0.44408885542168675 0.014056224899598393 0.007718373493975903
0 0.1144578313253012 0.46743222891566266 0.01104417670682731 0.006024096385542169
0 0.3627844712182062 0.6393072289156626 0.018406961178045515 0.00809487951807229
0 0.4933065595716198 0.712914156626506 0.019745649263721552 0.011859939759036145
0 0.7222222222222222 0.35881024096385544 0.011378848728246318 0.005082831325301205
0 0.2215528781793842 0.5308734939759037 0.013386880856760375 0.007718373493975903
0 0.039491298527443104 0.4222515060240964 0.005689424364123159 0.007153614457831325
