0 0.3314362236357549 0.16230465072491057 0.16638767994643455 0.06420636414987761
0 0.3957147639772347 0.45998870269252495 0.15701372614663542 0.08680097909998118
0 0.06662202879142953 0.36885708906044057 0.07197857381988618 0.03841084541517605
0 0.9591563441580181 0.3102993786480889 0.02109139604954804 0.004707211447938241
0 0.8995647807164379 0.39427603087930707 0.01975225979243388 0.01638109583882508
0 0.9032474054235018 0.44662022218038033 0.023769668563776363 0.014121634343814724
0 0.9574824238366254 0.5394464319337224 0.041848008034817544 0.007531538316701186
0 0.9742216270505524 0.5891545848239503 0.024439236692333444 0.013745057427979665
0 0.9109474389019083 0.5718320466955376 0.027452293270840308 0.012238749764639428
0 0.8831603615667895 0.6983618904161175 0.055239370605959154 0.01638109583882508
0 0.850686307331771 0.933157597439277 0.013726146635420154 0.010167576727546602
0 0.5313023100100436 0.8817548484277914 0.038834951456310676 0.02278290340802109
0 0.47037161031134916 0.7702880813406138 0.004017408771342484 0.009602711353794013
0 0.5001673920321392 0.847862926002636 0.009708737864077669 0.008849557522123894
0 0.3103448275862069 0.882319713801544 0.025778372949447605 0.014686499717567313
0 0.3371275527284901 0.8860854829598945 0.012387010378305993 0.01581623046507249
0 0.04686976899899565 0.222180380342685 0.022765316370940744 0.01751082658633026
0 0.034482758620689655 0.23385426473357182 0.020756611985269503 0.02127659574468085
0 0.7251422832273183 0.4820184522688759 0.03850016739203214 0.029372999435134627
0 0.7535989286909943 0.6019581999623423 0.01975225979243388 0.023536057239691207
0 0.7897556076330766 0.5793635850122387 0.02711750920656177 0.020900018828845793
0 0.6119852695011717 0.5838825080022595 0.02644794107800469 0.023536057239691207
0 0.6253766320723133 0.6222933534174355 0.023100100435219283 0.012991903596309546
0 0.37562772012052226 0.5565806816042177 0.014395714763977234 0.016757672754660138
0 0.3960495480415132 0.44492562605912256 0.037495815199196515 0.017887403502165316
0 0.5259457649815868 0.16004518922990021 0.038834951456310676 0.010544153643381661
0 0.11047874121191831 0.43871210694784407 0.015734851021091397 0.005648653737525889
