0 0.33433734939759036 0.1197289156626506 0.02677376171352075 0.012989457831325301
0 0.31860776439089694 0.16020331325301204 0.018072289156626505 0.01148343373493976
0 0.38755020080321284 0.22703313253012047 0.012717536813922356 0.014683734939759037
0 0.39022757697456495 0.25978915662650603 0.024431057563587683 0.015060240963855422
0 0.501004016064257 0.3200301204819277 0.028781793842034806 0.017507530120481927
0 0.4568273092369478 0.36596385542168675 0.10040160642570281 0.051957831325301206
0 0.5327978580990629 0.3638930722891566 0.03313253012048193 0.04555722891566265
0 0.46921017402945114 0.4310993975903614 0.01104417670682731 0.020143072289156627
0 0.5853413654618473 0.5837725903614458 0.045180722891566265 0.010542168674698794
0 0.5073627844712182 0.6323418674698795 0.07028112449799197 0.02240210843373494
0 0.8524096385542169 0.7008659638554217 0.04049531459170013 0.030120481927710843
0 0.25937081659973227 0.4299698795180723 0.02208835341365462 0.016566265060240965
0 0.23025435073627845 0.3829066265060241 0.029451137884872823 0.011671686746987951
0 0.4380856760374833 0.5466867469879518 0.04216867469879518 0.013177710843373495
0 0.46921017402945114 0.48305722891566266 0.043842034805890225 0.013365963855421686
0 0.5133868808567604 0.6428840361445783 0.1388888888888889 0.08019578313253012
0 0.6596385542168675 0.729480421686747 0.09337349397590361 0.027673192771084338
0 0.9223560910307899 0.8881777108433735 0.07095046854082998 0.01901355421686747
0 0.6050870147255689 0.6266942771084337 0.02610441767068273 0.025414156626506024
0 0.6626506024096386 0.967808734939759 0.06358768406961178 0.032003012048192774
0 0.6680053547523427 0.901355421686747 0.03547523427041499 0.024284638554216868
0 0.5251004016064257 0.5931852409638554 0.035140562248995984 0.015060240963855422
0 0.2720883534136546 0.10598644578313253 0.024096385542168676 0.0035768072289156625
0 0.6137884872824632 0.9804216867469879 0.05187416331994645 0.018637048192771084
