0 0.00033467202141900936 0.5837725903614458 0.19377510040160642 0.0860316265060241
0 0.35943775100401604 0.4303463855421687 0.1398929049531459 0.08170180722891567
0 0.6499330655957162 0.5316265060240963 0.178380187416332 0.10824548192771084
0 0.6626506024096386 0.5461219879518072 0.03246318607764391 0.012048192771084338
0 0.8631191432396251 0.8755647590361446 0.13688085676037484 0.042733433734939756
0 0.6395582329317269 0.07737198795180723 0.022757697456492636 0.01901355421686747
0 0.14725568942436412 0.3373493975903614 0.07262382864792503 0.04386295180722891
0 0.45749665327978584 0.21272590361445784 0.03145917001338688 0.019954819277108432
0 0.36579651941097724 0.25188253012048195 0.018072289156626505 0.009977409638554216
0 0.9484605087014726 0.47270331325301207 0.05120481927710843 0.18693524096385541
