0 0.5289588215600938 0.14554697797025043 0.10612654837629729 0.04857842214272265
0 0.4506193505189153 0.44417247222745243 0.10512219618346166 0.05931086424402184
0 0.41546702376966854 0.5914140463189607 0.3515232674924674 0.20410468838260215
0 0.7244727150987613 0.7537186970438712 0.021426180113826583 0.02165317266051591
0 0.581185135587546 0.6047825268311052 0.18279209909608302 0.11636226699303333
0 0.2936056243722799 0.8051214460553568 0.06896551724137931 0.019205422707588026
0 0.1486441245396719 0.06816042176614573 0.010713090056913292 0.009790999811711542
0 0.26749246735855375 0.08171719073620787 0.024774020756611986 0.009414422895876483
0 0.7368597254770672 0.2551308604782527 0.0190826916638768 0.01638109583882508
0 0.7304988282557751 0.4181886650348334 0.012721794442584533 0.010544153643381661
