0 0.198252688172043 0.26486895161290325 0.1303763440860215 0.03125
0 0.3168682795698925 0.2326108870967742 0.06048387096774194 0.24168346774193547
0 0.5053763440860215 0.42288306451612906 0.047379032258064516 0.028981854838709676
0 0.5057123655913979 0.44455645161290325 0.007728494623655914 0.006300403225806451
0 0.47143817204301075 0.2913306451612903 0.009408602150537635 0.005292338709677419
0 0.49361559139784944 0.24168346774193547 0.009072580645161291 0.003528225806451613
0 0.48723118279569894 0.24294354838709678 0.020833333333333332 0.046875
0 0.5147849462365591 0.26486895161290325 0.026545698924731184 0.02746975806451613
0 0.5110887096774194 0.25151209677419356 0.04200268817204301 0.014868951612903226
0 0.3467741935483871 0.0768649193548387 0.02788978494623656 0.05846774193548387
0 0.6401209677419355 0.670866935483871 0.019153225806451613 0.0073084677419354835
