0 0.35294117647058826 0.008822788001008318 0.020168067226890758 0.01209982354423998
0 0.40605042016806725 0.02697252331736829 0.006386554621848739 0.01134358457272498
0 0.4376470588235294 0.08318628686664986 0.024873949579831932 0.018401814973531636
0 0.6292436974789916 0.035039072346861606 0.010756302521008404 0.017141416687673303
0 0.5015126050420168 0.11141920846987648 0.02722689075630252 0.007814469372321654
0 0.9307563025210084 0.12528358961431812 0.03495798319327731 0.01688933703050164
0 0.7499159663865547 0.15149987396017142 0.008739495798319327 0.008570708343836652
0 0.3169747899159664 0.6372573733299722 0.02957983193277311 0.017897655659188303
0 0.1223529411764706 0.49180741114192084 0.3700840336134454 0.12276279304260146
0 0.38487394957983195 0.6261658684144189 0.02621848739495798 0.020670531888076632
0 0.521344537815126 0.5291152004033275 0.012436974789915966 0.01209982354423998
0 0.561344537815126 0.6228888328711873 0.020840336134453782 0.016385177716158307
0 0.16100840336134453 0.6062515754978574 0.01781512605042017 0.005041593143433325
0 0.2645378151260504 0.5787748928661457 0.01815126050420168 0.025712125031509957
0 0.2847058823529412 0.37761532644315604 0.020840336134453782 0.014368540458784976
0 0.25243697478991595 0.21477186791025965 0.027899159663865546 0.015881018401814974
