0 0.7336189516129032 0.22580645161290322 0.01940524193548387 0.024193548387096774
0 0.08618951612903226 0.12231182795698925 0.02217741935483871 0.050739247311827954
0 0.025201612903225805 0.43514784946236557 0.009072580645161291 0.1364247311827957
0 0.2169858870967742 0.8793682795698925 0.028729838709677418 0.050067204301075266
0 0.7258064516129032 0.9049059139784946 0.02242943548387097 0.062163978494623656
0 0.6257560483870968 0.688508064516129 0.006048387096774193 0.011760752688172043
0 0.4609375 0.706989247311828 0.006048387096774193 0.011760752688172043
0 0.4180947580645161 0.6179435483870968 0.020917338709677418 0.02956989247311828
0 0.34274193548387094 0.6323924731182796 0.00655241935483871 0.009408602150537635
0 0.26537298387096775 0.9260752688172043 0.008568548387096774 0.01310483870967742
0 0.12247983870967742 0.7876344086021505 0.023941532258064516 0.05174731182795699
0 0.7207661290322581 0.2916666666666667 0.011844758064516129 0.009744623655913979
0 0.3732358870967742 0.519489247311828 0.061995967741935484 0.06653225806451613
0 0.09425403225806452 0.5299059139784946 0.015877016129032258 0.046370967741935484
0 0.16280241935483872 0.823252688172043 0.038558467741935484 0.032594086021505375
0 0.22152217741935484 0.947244623655914 0.025957661290322582 0.02049731182795699
0 0.6938004032258065 0.5719086021505376 0.0078125 0.009744623655913979
