0 0.9413137712570857 0.16079019754938734 0.03234411470490164 0.013753438359589898
0 0.9023007669223074 0.17429357339334833 0.061020340113371124 0.021005251312828207
0 0.8362787595865289 0.20355088772193047 0.040680226742247416 0.029507376844211054
0 0.7895965321773925 0.2113028257064266 0.06835611870623541 0.06026506626656664
0 0.6465488496165388 0.37509377344336087 0.050016672224074694 0.03375843960990248
0 0.6175391797265756 0.4296074018504626 0.06568856285428476 0.06551637909477369
0 0.5478492830943648 0.40710177544386095 0.11170390130043348 0.0552638159539885
0 0.628542847615872 0.4216054013503376 0.07435811937312438 0.0345086271567892
0 0.42447482494164723 0.44111027756939236 0.09636545515171724 0.06751687921980495
0 0.40346782260753583 0.37834458614653665 0.0873624541513838 0.04551137784446112
0 0.40480160053351116 0.33033258314578645 0.06968989663221074 0.060765191297824456
0 0.25841947315771924 0.35133783445861466 0.15538512837612536 0.1037759439859965
0 0.1727242414138046 0.5748937234308578 0.12304101367122375 0.08727181795448863
0 0.1940646882294098 0.5336334083520881 0.08269423141047015 0.04951237809452363
0 0.2740913637879293 0.6379094773693423 0.07502500833611203 0.07026756689172294
0 0.4614871623874625 0.6536634158539635 0.13604534844948316 0.09152288072018004
0 0.43147715905301764 0.5221305326331583 0.18972990996999 0.16004001000250062
0 0.5381793931310437 0.4668667166791698 0.04701567189063021 0.06251562890722681
0 0.6028676225408469 0.5083770942735684 0.05801933977992664 0.052013003250812706
0 0.5048349449816606 0.4378594648662166 0.04468156052017339 0.035508877219304825
0 0.34078026008669554 0.6376594148537135 0.11870623541180393 0.09202300575143786
0 0.34478159386462154 0.6266566641660415 0.10903634544848283 0.05576394098524631
0 0.4811603867955985 0.754438609652413 0.11970656885628543 0.06026506626656664
0 0.40013337779259756 0.5818954738684671 0.07302434144714905 0.06701675418854713
0 0.44381460486828944 0.5663915978994749 0.081027009003001 0.07701925481370342
0 0.2977659219739913 0.5636409102275569 0.11570523507835945 0.060765191297824456
0 0.14538179393131043 0.6706676669167292 0.0650216738912971 0.05751437859464866
0 0.21607202400800266 0.765441360340085 0.06902300766922308 0.03675918979744936
0 0.2557519173057686 0.776194048512128 0.06535511837279093 0.06126531632908227
0 0.3504501500500167 0.7019254813703426 0.1557185728576192 0.09902475618904726
0 0.16338779593197733 0.4791197799449862 0.059353117705901966 0.07076769192298074
0 0.22674224741580526 0.4643660915228807 0.08336112037345782 0.029507376844211054
0 0.23074358119373126 0.3158289572393098 0.048349449816605536 0.022255563890972743
0 0.1543847949316439 0.9077269317329333 0.038012670890296765 0.029507376844211054
0 0.49716572190730246 0.5993998499624906 0.043014338112704234 0.04676169042260565
0 0.35011670556852287 0.5208802200550138 0.029676558852950983 0.02250562640660165
0 0.31410470156718906 0.5496374093523381 0.026675558519506502 0.0277569392348087
0 0.2824274758252751 0.5806451612903226 0.028342780926975657 0.027506876719179795
