0 0.02625656414103526 0.1597199066355452 0.04876219054763691 0.0213404468156052
0 0.11377844461115279 0.49316438812937646 0.09377344336084022 0.11137045681893964
0 0.0902725681420355 0.4594864954984995 0.037509377344336084 0.039679893297765924
0 0.1932983245811453 0.5748582860953652 0.08902225556389097 0.07969323107702568
0 0.24481120280070018 0.5565188396132044 0.1690422605651413 0.12737579193064355
0 0.388097024256064 0.5955318439479826 0.09177294323580895 0.13571190396798932
0 0.27756939234808703 0.7539179726575526 0.16879219804951237 0.18806268756252084
0 0.6996749187296825 0.12204068022674225 0.07326831707926981 0.05368456152050684
0 0.5521380345086272 0.44814938312770924 0.0347586896724181 0.03134378126042014
0 0.6299074768692173 0.5568522840946982 0.015503875968992248 0.014004668222740914
0 0.695173793448362 0.5241747249083027 0.013253313328332083 0.01800600200066689
0 0.7609402350587647 0.5161720573524509 0.014003500875218804 0.02100700233411137
0 0.856964241060265 0.5451817272424141 0.04351087771942986 0.034678226075358455
0 0.5438859714928732 0.1823941313771257 0.013003250812703177 0.02334111370456819
0 0.5528882220555139 0.19373124374791598 0.011502875718929733 0.01833944648216072
0 0.19754938734683672 0.5228409469823274 0.0345086271567892 0.027009003001000332
0 0.08052013003250813 0.596865621873958 0.04426106526631658 0.06702234078026009
0 0.19579894973743436 0.6632210736912304 0.04351087771942986 0.03101033677892631
0 0.6439109777444361 0.9393131043681227 0.08202050512628158 0.0596865621873958
0 0.8687171792948237 0.6528842947649216 0.060765191297824456 0.04868289429809937
0 0.630657664416104 0.4448149383127709 0.037259314828707174 0.04201400466822274
0 0.6661665416354089 0.3844614871623875 0.03675918979744936 0.030010003334444816
0 0.6876719179794949 0.49583194398132713 0.024756189047261814 0.03867955985328443
0 0.3360840210052513 0.4101367122374125 0.018504626156539136 0.023674558186062022
0 0.41685421355338836 0.49349783261087027 0.03950987746936734 0.037345781927309106
0 0.38559639909977494 0.5291763921307102 0.04101025256314079 0.07202400800266756
0 0.33633408352088023 0.5561853951317106 0.03650912728182046 0.034678226075358455
0 0.4021005251312828 0.5678559519839946 0.03350837709427357 0.044014671557185726
0 0.37134283570892723 0.5761920640213405 0.026506626656664166 0.01800600200066689
0 0.5591397849462365 0.6672224074691564 0.0380095023755939 0.03601200400133378
0 0.56064016004001 0.8919639879959986 0.046511627906976744 0.04468156052017339
0 0.3388347086771693 0.5035011670556853 0.02525631407851963 0.03334444814938313
0 0.34658664666166544 0.49316438812937646 0.018504626156539136 0.027675891963987995
0 0.6099024756189048 0.5331777259086362 0.030507626906726683 0.01800600200066689
0 0.8389597399349837 0.5391797265755252 0.05576394098524631 0.04668222740913638
0 0.21005251312828208 0.7669223074358119 0.024256064016004 0.027009003001000332
0 0.6699174793698425 0.9026342114038013 0.016754188547136784 0.019673224408136045
