0 0.16826923076923078 0.2653846153846154 0.04567307692307692 0.0532051282051282
0 0.15889423076923076 0.46057692307692305 0.08870192307692308 0.12211538461538461
0 0.1293269230769231 0.4496794871794872 0.13846153846153847 0.1483974358974359
0 0.5826923076923077 0.732051282051282 0.05985576923076923 0.13397435897435897
0 0.6807692307692308 0.39903846153846156 0.12235576923076923 0.1891025641025641
0 0.6105769230769231 0.5275641025641026 0.07283653846153847 0.0891025641025641
0 0.8206730769230769 0.29294871794871796 0.035096153846153846 0.05641025641025641
0 0.8759615384615385 0.33942307692307694 0.04326923076923077 0.02435897435897436
0 0.8052884615384616 0.8932692307692308 0.11466346153846153 0.10576923076923077
0 0.032692307692307694 0.9519230769230769 0.05625 0.04551282051282051
