0 0.6216880448717949 0.7831845192307691 0.1365384615384616 0.13990384615384616
0 0.5170940384615385 0.5762133653846153 0.07669413461538459 0.08557692307692308
0 0.558104358974359 0.4189102403846154 0.06474358974358975 0.07235576923076924
0 0.2949633653846154 0.23418040865384615 0.06923073717948715 0.05288459134615382
0 0.23287544871794874 0.16758240384615383 0.08012820512820513 0.06826923076923076
0 0.0019230769230769232 0.8247710576923076 0.06698717948717949 0.1362980769230769
0 0.7022741025641026 0.3430975480769231 0.03621794871794872 0.04903846153846154
0 0.4051739743589744 0.23645834134615384 0.05064102564102564 0.05096153846153846
0 0.9303571794871794 0.3918383653846154 0.03141025641025641 0.02548076923076923
0 0.9657356410256411 0.34484889423076925 0.01282051282051282 0.013461538461538462
0 0.6762820512820513 0.2 0.05064102564102564 0.04903846153846154
0 0.18076923076923077 0.3298076923076923 0.06217948717948718 0.02403846153846154
