0 0.07235576923076924 0.029487179487179487 0.084375 0.041666666666666664
0 0.14543269230769232 0.047435897435897434 0.011057692307692308 0.015384615384615385
0 0.18701923076923077 0.5631410256410256 0.016346153846153847 0.021474358974358974
0 0.12163461538461538 0.6993589743589743 0.061778846153846156 0.10032051282051282
0 0.025240384615384616 0.5708333333333333 0.09927884615384615 0.1189102564102564
0 0.16899038461538463 0.6089743589743589 0.05961538461538462 0.06346153846153846
0 0.7358173076923077 0.08076923076923077 0.13245192307692308 0.11570512820512821
0 0.9365384615384615 0.09615384615384616 0.014182692307692308 0.10961538461538461
0 0.8610576923076924 0.18205128205128204 0.09038461538461538 0.09487179487179487
0 0.8432692307692308 0.7044871794871795 0.1201923076923077 0.14647435897435898
0 0.7288461538461538 0.646474358974359 0.03293269230769231 0.03942307692307692
0 0.85 0.9733974358974359 0.03245192307692308 0.02564102564102564
0 0.41923076923076924 0.6573717948717949 0.07596153846153846 0.25416666666666665
0 0.36682692307692305 0.09807692307692308 0.07475961538461538 0.05128205128205128
0 0.5992788461538462 0.5365384615384615 0.04879807692307692 0.04326923076923077
