0 0.11586538461538462 0.22884615384615384 0.22091346153846153 0.4378205128205128
0 0.010096153846153847 0.2125 0.33076923076923076 0.33942307692307694
0 0.00985576923076923 0.21314102564102563 0.3540865384615385 0.48878205128205127
0 0.3110576923076923 0.15576923076923077 0.10673076923076923 0.09775641025641026
0 0.6677884615384615 0.20993589743589744 0.33125 0.4391025641025641
0 0.7036057692307692 0.21057692307692308 0.2951923076923077 0.3314102564102564
0 0.7569711538461539 0.2282051282051282 0.24182692307692308 0.20064102564102565
0 0.6430288461538461 0.7663461538461539 0.08076923076923077 0.1596153846153846
0 0.30456730769230766 0.9115384615384615 0.2831730769230769 0.08782051282051281
0 0.0 0.48878205128205127 0.09014423076923077 0.14134615384615384
0 0.3473557692307692 0.2766025641025641 0.17740384615384616 0.3858974358974359
