0 0.47504543122795767 0.22434421735994228 0.13177300416800256 0.03005530175522965
0 0.4061436357806989 0.11638557345515749 0.12536069252965695 0.008415484491464294
0 0.3712881051619109 0.05651541235874008 0.055145880089772364 0.14715075739360423
0 0.7143620391151011 0.4621417648473191 0.047130490541840334 0.16638615051695113
0 0.3456235973068291 0.32148295263284443 0.06797050336646361 0.12454917047367156
0 0.1299561846745752 0.22061163741283965 0.0702147996152613 0.11108439528732866
0 0.3719293363257455 0.7513710988218322 0.1176659185636422 0.031978841067564316
0 0.39247925617185 0.5230080307766289 0.07245912151330555 0.09978360182736234
0 0.20698025008015392 0.24197667708583792 0.008656620711766592 0.06011060351045927
0 0.1493763225392754 0.4803810531377735 0.058352051939724287 0.04688627073815815
0 0.050214507855081754 0.6289973551334456 0.09586405899326707 0.0331810531377735
0 0.36020397563321577 0.51328732868478 0.0785508175697339 0.023322914162058186
0 0.35376114139147163 0.7674349603270018 0.007053542802180186 0.06203414282279394
0 0.35334889387624235 0.6562245732147151 0.007374158384097467 0.017792738639095935
0 0.2660193331195896 0.7958758355373887 0.09618464251362613 0.08271219043039192
0 0.37855537031099706 0.8088368357778313 0.03847386983007374 0.06059148833854292
0 0.012504007694773967 0.6116740562635249 0.08143635780698942 0.05564522721808127
0 0.10676498877845464 0.5803936523202693 0.04296248797691568 0.008175042077422458
0 0.025649246553382493 0.6416606636210628 0.0920166720102597 0.013224332772301034
0 0.12760500160307792 0.6520683818225536 0.015710163513946777 0.005530175522962251
0 0.39600602757294007 0.5635054339985573 0.015068932350112215 0.028853089685020438
0 0.18627765309394037 0.28431743207501803 0.012504007694773967 0.02067804760759798
0 0.3137910548252645 0.4367235874008175 0.06027569733889064 0.0045684058667949026
0 0.12696377043924334 0.7590309208944458 0.012504007694773967 0.018033181053137774
0 0.19290371914075025 0.19669333974513104 0.04456556588650208 0.08415484491464297
0 0.20679705033664636 0.4217474392882905 0.06893235011221545 0.08848280836739596
0 0.1907662712407823 0.3743688386631402 0.0545046489259378 0.06709487857658093
0 0.22186598268675858 0.28617225294541954 0.017633857005450466 0.01899495070930512
0 0.3404937479961526 0.2725243087280596 0.031099711445976275 0.09473431113248378
0 0.13658223789676177 0.9627199807646069 0.035908945174735495 0.03726847799951914
0 0.182430266110933 0.9704141380139457 0.015710163513946777 0.013705217600384708
0 0.301210708560436 0.5027536427025727 0.07823020198781665 0.028108872325078093
0 0.18801814684193652 0.381421832171195 0.05803142032702789 0.066362106275547
0 0.10163513946777814 0.7353301274344795 0.04616864379608849 0.016830968982928587
0 0.6771095864058992 0.39547054580427987 0.01891631933311959 0.02067804760759798
0 0.7315684514267394 0.6026059148833854 0.020198781660788714 0.012262563116133687
0 0.7316752805386343 0.44373075258475597 0.09907021481243988 0.061908199086318845
