0 0.20096153846153847 0.20256410256410257 0.37548076923076923 0.4756410256410256
0 0.21057692307692308 0.5346153846153846 0.06153846153846154 0.052564102564102565
0 0.22259615384615383 0.5855769230769231 0.047115384615384615 0.10544871794871795
0 0.2692307692307692 0.5772435897435897 0.04423076923076923 0.10544871794871795
0 0.2865384615384615 0.5887820512820513 0.06298076923076923 0.08878205128205129
0 0.19591346153846154 0.6891025641025641 0.084375 0.06346153846153846
0 0.18798076923076923 0.7493589743589744 0.05456730769230769 0.09487179487179487
0 0.24423076923076922 0.7541666666666667 0.06442307692307692 0.11506410256410256
0 0.3144230769230769 0.7733974358974359 0.07836538461538461 0.1092948717948718
0 0.28076923076923077 0.6865384615384615 0.08125 0.0907051282051282
0 0.32596153846153847 0.6557692307692308 0.08461538461538462 0.08782051282051281
0 0.4427884615384615 0.5432692307692307 0.08149038461538462 0.11570512820512821
0 0.48389423076923077 0.7166666666666667 0.06081730769230769 0.12243589743589743
0 0.5673076923076923 0.3400641025641026 0.06875 0.12564102564102564
0 0.6125 0.2900641025641026 0.09783653846153846 0.11089743589743589
0 0.8413461538461539 0.40673076923076923 0.06923076923076923 0.13942307692307693
0 0.6918269230769231 0.305448717948718 0.014663461538461538 0.021794871794871794
0 0.5014423076923077 0.5576923076923077 0.010096153846153847 0.009294871794871795
0 0.2860576923076923 0.7576923076923077 0.010817307692307692 0.0125
0 0.6153846153846154 0.46025641025641023 0.010096153846153847 0.008333333333333333
