0 0.0006613756613756613 0.21378968253968253 0.24404761904761904 0.2160218253968254
0 0.04431216931216931 0.31845238095238093 0.29894179894179895 0.20461309523809523
0 0.21296296296296297 0.10863095238095238 0.5072751322751323 0.2569444444444444
0 0.5128968253968254 0.17633928571428573 0.16435185185185186 0.21577380952380953
0 0.38955026455026454 0.3392857142857143 0.21197089947089948 0.13740079365079366
0 0.6421957671957672 0.16468253968253968 0.3578042328042328 0.2614087301587302
0 0.6008597883597884 0.4166666666666667 0.39914021164021163 0.2628968253968254
0 0.2794312169312169 0.6488095238095238 0.38756613756613756 0.263640873015873
0 0.38955026455026454 0.3395337301587302 0.21263227513227514 0.1416170634920635
0 0.2123015873015873 0.33903769841269843 0.148478835978836 0.109375
0 0.4312169312169312 0.2708333333333333 0.2748015873015873 0.07043650793650794
