0 0.21931855772411513 0.592904986355743 0.3625537545484618 0.25676010915405606
0 0.17962289116771418 0.5547010667328206 0.05656632484287132 0.04266931282560159
0 0.21468739662586833 0.5976184569585711 0.03804168044988422 0.017861572810716944
0 0.2907707575256368 0.6906474820143885 0.05590473040026464 0.044157777226494666
0 0.20674826331458815 0.709253287025552 0.04366523321204102 0.010915405606549243
0 0.271584518690043 0.6995782684197469 0.027786966589480648 0.025551972215331183
0 0.3030102547138604 0.9079632845447779 0.05755871650678134 0.04440585462664351
0 0.35329143235196825 0.890101711734061 0.029440952695997353 0.03597122302158273
0 0.32815084353291435 0.8953113371371868 0.023817399933840556 0.02232696601339618
0 0.7088984452530599 0.660630116596378 0.062189877605028115 0.07367898784420739
0 0.7538868673503143 0.6641032001984619 0.026463777704267284 0.05606549243363929
0 0.7505788951372808 0.6241627387744977 0.02844856103208733 0.03919622922351774
0 0.7542176645716177 0.6440089307864053 0.011908699966920278 0.020342346812205408
0 0.7234535229904069 0.6256512031753907 0.030102547138604035 0.035475068221285044
0 0.7158451869004301 0.6120069461672042 0.033079722130334104 0.04118084842470851
0 0.655640092623222 0.5668568593401141 0.0668210387032749 0.07888861324733316
0 0.6569632815084353 0.6462416273877449 0.060535891498511414 0.029025055817415032
0 0.6539861065167053 0.6698089804018854 0.027125372146873966 0.025303894815182335
0 0.6830962619913993 0.673530141404118 0.023817399933840556 0.012651947407591168
0 0.5987429705590473 0.6072934755643761 0.057227919285478004 0.08211361944926818
0 0.627522328812438 0.5544529893326718 0.02480979159775058 0.023815430414289258
0 0.6212371816076745 0.5822376581493426 0.018524644392987098 0.031009675018605805
0 0.6017201455507774 0.5723145621433887 0.017201455507773734 0.027288514016373108
0 0.6000661594442607 0.5648722401389233 0.02150181938471717 0.017861572810716944
0 0.5825339067151836 0.6544281815926569 0.01918623883559378 0.033738526420243116
0 0.16175984121733378 0.3783180352269908 0.06979821369500497 0.044902009426941204
