0 0.2154459086730003 0.5790764201062526 0.03677597303095311 0.060073559460563954
0 0.21912350597609562 0.35145075602778914 0.01685565430585351 0.010625255414793625
0 0.39963224026969046 0.3592153657539845 0.03279190928593319 0.014711892112791173
0 0.3708243947287772 0.4139762975071516 0.032178976402083975 0.025337147527584796
0 0.894882010419859 0.4593379648549244 0.022678516702421086 0.024111156518185534
0 0.8961078761875575 0.4765018389865141 0.0055163959546429666 0.0073559460563955865
0 0.8593319031566043 0.5582345729464651 0.05117989580140975 0.023293829178586023
0 0.4397793441618143 0.5721291377196567 0.03187250996015936 0.03677973028197793
0 0.409439166411278 0.8520637515324888 0.14955562365920932 0.14752758479771147
0 0.5280416794361017 0.8279525950143032 0.03769537235672694 0.05639558643236616
0 0.03769537235672694 0.8344912137310994 0.022372050260496476 0.031058438904781365
0 0.30830524057615694 0.37842255823457294 0.025436714679742567 0.0073559460563955865
