0 0.17830972154372252 0.1517915309446254 0.05276013678553981 0.028664495114006514
0 0.5427454811919883 0.206514657980456 0.03175378602833415 0.026058631921824105
0 0.2872496336101612 0.501628664495114 0.09477283829995115 0.053420195439739415
0 0.0449438202247191 0.10423452768729642 0.023937469467513434 0.03778501628664495
0 0.38983878847093306 0.43127035830618893 0.0449438202247191 0.04755700325732899
0 0.3693209574987787 0.4325732899022801 0.039081582804103565 0.04560260586319218
0 0.5481191988275526 0.609771986970684 0.032730825598436736 0.03973941368078176
0 0.9013190034196384 0.5811074918566775 0.0986809965803615 0.0762214983713355
0 0.4059599413776258 0.5589576547231271 0.06448461162677088 0.011726384364820847
0 0.47288715192965314 0.09771986970684039 0.04738641914997557 0.014332247557003257
0 0.8270639960918417 0.28403908794788274 0.04689789936492428 0.02996742671009772
