0 0.17263843648208468 0.021983390327308255 0.020846905537459284 0.0180752320468979
0 0.7817589576547231 0.4342940889106009 0.014332247557003257 0.014167073766487542
0 0.48338762214983716 0.46653639472398634 0.016286644951140065 0.01709819247679531
0 0.39543973941368077 0.4811919882755252 0.02214983713355049 0.009770395701025891
0 0.7042345276872964 0.9296531509526136 0.018241042345276872 0.013190034196384953
0 0.5446254071661237 0.9379579872984856 0.056026058631921824 0.03126526624328285
0 0.4260586319218241 0.23204689789936492 0.018241042345276872 0.025403028822667317
0 0.09055374592833876 0.1353199804592086 0.06775244299674267 0.032730825598436736
0 0.4019543973941368 0.336590131900342 0.021498371335504887 0.016609672691744015
0 0.8514657980456026 0.529066927210552 0.020846905537459284 0.014655593551538837
0 0.004560260586319218 0.6853932584269663 0.026058631921824105 0.012212994626282364
0 0.7785016286644951 0.9648265754763068 0.015635179153094463 0.008793356130923302
0 0.9159609120521173 0.9496824621397166 0.02280130293159609 0.008793356130923302
0 0.5185667752442997 0.8783585735222277 0.026710097719869708 0.016609672691744015
