0 0.5355048859934853 0.7840742550073277 0.31140065146579804 0.08842208109428432
0 0.5166123778501629 0.9482169027845627 0.04104234527687296 0.026380068392769906
0 0.6592833876221499 0.6316560820713238 0.06254071661237785 0.11529066927210552
0 0.6879478827361564 0.6707376648754274 0.013680781758957655 0.04054714215925745
0 0.5478827361563517 0.5398143624816805 0.06319218241042346 0.040058622374206154
0 0.4677524429967427 0.3727405959941378 0.06123778501628664 0.04298974108451392
0 0.28403908794788274 0.4298974108451392 0.149185667752443 0.10552027357107963
0 0.11205211726384365 0.5134342940889106 0.0736156351791531 0.03761602344894968
0 0.17133550488599347 0.3981436248168051 0.05928338762214984 0.04054714215925745
0 0.28469055374592833 0.17244748412310698 0.0742671009771987 0.038104543234000976
0 0.6768729641693811 0.49389350268685883 0.056026058631921824 0.024425989252564728
0 0.6749185667752443 0.8920371275036639 0.036482084690553744 0.020029311187103077
0 0.5485342019543974 0.7156814851001465 0.06840390879478828 0.034684904738641914
0 0.12833876221498372 0.1270151441133366 0.014332247557003257 0.017586712261846604
