0 0.007817589576547232 0.265266243282853 0.13811074918566776 0.043478260869565216
0 0.054071661237785014 0.31753786028334147 0.06644951140065146 0.05031753786028334
0 0.0996742671009772 0.36687835857352225 0.07100977198697069 0.0542256961406937
0 0.007817589576547232 0.4650708353688324 0.23973941368078175 0.014655593551538837
0 0.23192182410423454 0.26673180263800683 0.07882736156351791 0.025891548607718612
0 0.35765472312703583 0.41035661944308743 0.018241042345276872 0.0356619443087445
0 0.20912052117263843 0.6130923302393747 0.11921824104234528 0.14020517830972154
0 0.8469055374592834 0.4963361016121153 0.08208469055374593 0.10893991206643869
0 0.5100977198697069 0.6971177332681974 0.10814332247557003 0.10258915486077186
0 0.8325732899022801 0.6585246702491451 0.13094462540716612 0.07034684904738642
0 0.6175895765472312 0.4763067904250122 0.04625407166123779 0.04689789936492428
0 0.6241042345276873 0.46360527601367857 0.22280130293159608 0.12994626282364435
0 0.745928338762215 0.35710796287249635 0.03322475570032573 0.032730825598436736
0 0.8403908794788274 0.38641914997557403 0.10684039087947883 0.07474352711284807
0 0.6775244299674267 0.4509037616023449 0.03452768729641694 0.04054714215925745
0 0.7550488599348534 0.5715681485100147 0.026058631921824105 0.0356619443087445
0 0.7863192182410423 0.9692232535417684 0.0071661237785016286 0.02882266731802638
0 0.6794788273615635 0.9721543722520762 0.0762214983713355 0.027357107962872496
0 0.06254071661237785 0.9384465070835368 0.06514657980456026 0.02784562774792379
0 0.32638436482084693 0.3888617489008305 0.18566775244299674 0.06546165119687347
0 0.06514657980456026 0.09965803615046409 0.1517915309446254 0.1172447484123107
0 0.31921824104234525 0.3004396678065462 0.048859934853420196 0.027357107962872496
0 0.31074918566775245 0.6311675622862726 0.03061889250814332 0.013678553981436248
0 0.36091205211726385 0.6179775280898876 0.018241042345276872 0.030288226673180263
0 0.10293159609120521 0.7532975085490963 0.02996742671009772 0.025891548607718612
0 0.8221498371335505 0.8353688324377138 0.02280130293159609 0.025403028822667317
0 0.43973941368078173 0.6189545676599902 0.028013029315960912 0.0268685881778212
0 0.6820846905537459 0.4152418172936004 0.01498371335504886 0.019540791402051783
0 0.758957654723127 0.4000977039570103 0.03713355048859935 0.0180752320468979
