0 0.3671849156467086 0.4708509054825105 0.18623883559378102 0.23096005953857604
0 0.5203440291101554 0.39816422723889855 0.1554746940125703 0.12428677747457206
0 0.4915646708567648 0.8561151079136691 0.04664240820377109 0.02307119821384272
0 0.8514720476347999 0.8372612255023567 0.008931524975190208 0.01662118580997271
0 0.8286470393648694 0.8082361696849417 0.011908699966920278 0.007690399404614239
0 0.8484948726430698 0.6908955594145373 0.010916308303010255 0.005953857603572314
0 0.7280846840886537 0.7546514512527909 0.011247105524313596 0.009178863805507318
0 0.4700628514720476 0.7362937236417763 0.01223949718822362 0.012900024807740015
0 0.5259675818723123 0.8122054080873232 0.017863049950380416 0.012155792607293476
0 0.5133972874627853 0.8375093029025056 0.015547469401257029 0.007690399404614239
0 0.7466093284816407 0.9861076655916646 0.012901091630830301 0.012155792607293476
0 0.8289778365861726 0.6077896303646738 0.01257029440952696 0.008434631605060779
0 0.08236850810453192 0.8970478789382287 0.00992391663910023 0.011659637806995783
0 0.8785974197816738 0.7876457454725875 0.006615944426066821 0.007442322004465393
0 0.71485279523652 0.773753411064252 0.010585511081706914 0.006946167204167701
0 0.9440952695997353 0.7906226742743736 0.011908699966920278 0.007442322004465393
0 0.9110155474694013 0.794839990076904 0.006615944426066821 0.006698089804018854
