0 0.5036764705882353 0.4653799019607843 0.08946078431372549 0.08547794117647059
0 0.5053104575163399 0.5358455882352942 0.015522875816993464 0.012867647058823529
0 0.7512254901960784 0.47058823529411764 0.027369281045751634 0.06341911764705882
0 0.07761437908496732 0.8596813725490197 0.017973856209150325 0.02144607843137255
0 0.14133986928104575 0.34558823529411764 0.00980392156862745 0.012867647058823529
0 0.1576797385620915 0.41482843137254904 0.011437908496732025 0.010416666666666666
0 0.14297385620915032 0.15134803921568626 0.015522875816993464 0.0030637254901960784
0 0.16993464052287582 0.1636029411764706 0.006535947712418301 0.009191176470588236
0 0.15359477124183007 0.18566176470588236 0.010620915032679739 0.00428921568627451
0 0.18137254901960784 0.21691176470588236 0.007352941176470588 0.010416666666666666
0 0.11683006535947713 0.3002450980392157 0.013888888888888888 0.007965686274509803
0 0.255718954248366 0.21323529411764705 0.0196078431372549 0.006740196078431373
0 0.24509803921568626 0.14154411764705882 0.015522875816993464 0.006740196078431373
0 0.315359477124183 0.12254901960784313 0.012254901960784314 0.006127450980392157
0 0.37173202614379086 0.09681372549019608 0.017973856209150325 0.0030637254901960784
0 0.32679738562091504 0.0778186274509804 0.010620915032679739 0.0030637254901960784
0 0.35866013071895425 0.04595588235294118 0.013071895424836602 0.0055147058823529415
0 0.37254901960784315 0.08639705882352941 0.014705882352941176 0.006127450980392157
0 0.35866013071895425 0.06066176470588235 0.013888888888888888 0.006740196078431373
0 0.3741830065359477 0.04718137254901961 0.011437908496732025 0.004901960784313725
0 0.4869281045751634 0.14460784313725492 0.00980392156862745 0.010416666666666666
0 0.4665032679738562 0.12193627450980392 0.013888888888888888 0.006740196078431373
0 0.46895424836601307 0.1017156862745098 0.013071895424836602 0.006127450980392157
0 0.5400326797385621 0.13174019607843138 0.011437908496732025 0.00857843137254902
0 0.6013071895424836 0.19178921568627452 0.011437908496732025 0.009191176470588236
0 0.6495098039215687 0.5496323529411765 0.017973856209150325 0.01838235294117647
0 0.7745098039215687 0.5042892156862745 0.013071895424836602 0.013480392156862746
0 0.5678104575163399 0.5582107843137255 0.0196078431372549 0.011642156862745098
0 0.6854575163398693 0.5183823529411765 0.013071895424836602 0.012254901960784314
0 0.6854575163398693 0.5723039215686274 0.011437908496732025 0.007352941176470588
0 0.5702614379084967 0.1213235294117647 0.004084967320261438 0.00857843137254902
0 0.5637254901960784 0.13419117647058823 0.012254901960784314 0.006127450980392157
0 0.4852941176470588 0.12683823529411764 0.008986928104575163 0.007352941176470588
0 0.02696078431372549 0.2555147058823529 0.015522875816993464 0.004901960784313725
0 0.14705882352941177 0.4221813725490196 0.013888888888888888 0.015318627450980392
0 0.10457516339869281 0.20098039215686275 0.007352941176470588 0.006127450980392157
0 0.1919934640522876 0.25980392156862747 0.010620915032679739 0.00428921568627451
