0 0.3553921568627451 0.20618872549019607 0.25326797385620914 0.11825980392156862
0 0.5910947712418301 0.2539828431372549 0.24632352941176472 0.2025122549019608
0 0.26838235294117646 0.3174019607843137 0.3410947712418301 0.11060049019607843
0 0.6013071895424836 0.42401960784313725 0.044526143790849675 0.013480392156862746
0 0.0 0.6541053921568627 0.17973856209150327 0.22824754901960784
0 0.8018790849673203 0.12408088235294118 0.03308823529411765 0.014399509803921568
0 0.21405228758169934 0.45557598039215685 0.35866013071895425 0.4371936274509804
0 0.25531045751633985 0.6841299019607843 0.16462418300653595 0.1412377450980392
0 0.7777777777777778 0.015012254901960785 0.07352941176470588 0.04534313725490196
0 0.8235294117647058 0.5462622549019608 0.04779411764705882 0.02665441176470588
0 0.43504901960784315 0.8213848039215687 0.02369281045751634 0.035845588235294115
0 0.45465686274509803 0.12591911764705882 0.0428921568627451 0.05514705882352941
0 0.26838235294117646 0.37285539215686275 0.032679738562091505 0.049019607843137254
