0 0.21157495256166983 0.4360441356763384 0.04459203036053131 0.013485901103391908
0 0.27514231499051234 0.42868818961994276 0.025616698292220113 0.016755210461789946
0 0.9522454142947502 0.3980384143849612 0.024984187223276406 0.018389865140988965
0 0.3788741302972802 0.40457703310175724 0.07084123972169513 0.03596240294237842
0 0.7425679949399114 0.3959950960359624 0.049019607843137254 0.026154474867184307
0 0.8538899430740038 0.40294237842255826 0.02245414294750158 0.013077237433592154
0 0.6375711574952562 0.4062116877809563 0.03004427577482606 0.021659174499387004
0 0.6672991777356104 0.4062116877809563 0.011385199240986717 0.023293829178586023
0 0.6492726122707148 0.4213322435635472 0.03984819734345351 0.0053126277073968125
0 0.6268184693232132 0.5247241520228851 0.008855154965211892 0.0073559460563955865
