0 0.47263071895424835 0.6390931372549019 0.0821078431372549 0.018688725490196078
0 0.5853758169934641 0.7190563725490197 0.02900326797385621 0.00857843137254902
0 0.5040849673202614 0.9644607843137255 0.016339869281045753 0.030637254901960783
0 0.670751633986928 0.8547794117647058 0.027777777777777776 0.02022058823529412
0 0.41421568627450983 0.5759803921568627 0.011437908496732025 0.02389705882352941
0 0.44362745098039214 0.26348039215686275 0.02696078431372549 0.011642156862745098
0 0.7589869281045751 0.3241421568627451 0.03349673202614379 0.0196078431372549
0 0.8741830065359477 0.8192401960784313 0.0196078431372549 0.02144607843137255
0 0.8545751633986928 0.7806372549019608 0.017973856209150325 0.031862745098039214
0 0.8839869281045751 0.8100490196078431 0.029411764705882353 0.013480392156862746
0 0.8562091503267973 0.5594362745098039 0.0457516339869281 0.00857843137254902
0 0.761437908496732 0.4522058823529412 0.02369281045751634 0.02267156862745098
0 0.7254901960784313 0.25 0.02042483660130719 0.00857843137254902
0 0.8243464052287581 0.08333333333333333 0.026143790849673203 0.00428921568627451
0 0.8758169934640523 0.14644607843137256 0.021241830065359478 0.007965686274509803
0 0.7565359477124183 0.08455882352941177 0.008986928104575163 0.00857843137254902
0 0.9591503267973857 0.24816176470588236 0.021241830065359478 0.006127450980392157
0 0.21568627450980393 0.803921568627451 0.02042483660130719 0.02267156862745098
