0 0.3257738277658596 0.5946056395586432 0.06313208703646951 0.046587658357172046
0 0.9261415874961691 0.6836943195749898 0.04505056696291756 0.02125051082958725
0 0.49126570640514866 0.7061708214139762 0.048115231382163656 0.026971802206783815
0 0.44989273674532637 0.5921536575398447 0.02390438247011952 0.029423784225582346
0 0.8406374501992032 0.5075602778912954 0.01961385228317499 0.023702492848385777
0 0.6757585044437634 0.505108295872497 0.00827459393196445 0.011851246424192888
0 0.2945142506895495 0.059256232120964446 0.01685565430585351 0.012668573763792398
0 0.5369292062519154 0.08459337964854924 0.015016855654305853 0.008990600735594606
0 0.4658289917254061 0.8022067838169187 0.006129328838492185 0.011033919084593379
0 0.49800796812749004 0.7613404168369432 0.008581060373889058 0.006947282386595832
0 0.001225865767698437 0.789946873722926 0.02451731535396874 0.022476501838986515
0 0.16610481152313822 0.7740089906007356 0.09316579834508121 0.06538618716796077
0 0.1256512411890898 0.7887208827135268 0.06435795280416795 0.05435226808336739
0 0.5479619981612014 0.028606456885982835 0.032178976402083975 0.03473641193297916
0 0.39166411277965063 0.5169595422966898 0.007661661048115232 0.005721291377196567
0 0.0398406374501992 0.7355946056395587 0.054551026662580444 0.045361667347772784
0 0.0 0.7944421740907234 0.048115231382163656 0.058030241111565184
0 0.48544284400858106 0.7139354311401717 0.027581979773214832 0.08418471597874949
0 0.20441311676371438 0.7380465876583572 0.09684339564817653 0.09113199836534532
0 0.6049647563591787 0.7821822639967307 0.003677597303095311 0.01798120147118921
