0 0.30106209150326796 0.4950980392156863 0.09803921568627451 0.021752450980392156
0 0.5776143790849673 0.36672794117647056 0.05759803921568627 0.02297794117647059
0 0.5281862745098039 0.31495098039215685 0.018790849673202614 0.011948529411764705
0 0.3145424836601307 0.38817401960784315 0.017973856209150325 0.028186274509803922
0 0.3214869281045752 0.4571078431372549 0.06290849673202614 0.023284313725490197
0 0.02042483660130719 0.4675245098039216 0.024509803921568627 0.01133578431372549
0 0.39624183006535946 0.46292892156862747 0.017973856209150325 0.00980392156862745
0 0.4583333333333333 0.43903186274509803 0.012663398692810458 0.0070465686274509805
0 0.8831699346405228 0.19454656862745098 0.02165032679738562 0.006740196078431373
0 0.3660130718954248 0.26868872549019607 0.009395424836601307 0.003982843137254902
0 0.6209150326797386 0.45557598039215685 0.028186274509803922 0.01838235294117647
0 0.44199346405228757 0.4387254901960784 0.017973856209150325 0.00980392156862745
0 0.5808823529411765 0.27512254901960786 0.009395424836601307 0.010723039215686275
