0 0.09807928075194115 0.5795868772782503 0.06211687780956273 0.10206561360874848
0 0.573355128729056 0.5297691373025516 0.052308949734368615 0.09963547995139732
0 0.6146301593788313 0.5633859862292426 0.085002043318349 0.03969218307006885
0 0.5631385369840621 0.6204941271769947 0.011033919084593379 0.010530579181855002
0 0.5010216591744994 0.6221142162818954 0.011851246424192888 0.011745646010530578
0 0.534940743767879 0.6634264884568651 0.014303228442991417 0.013365735115431349
0 0.573355128729056 0.6176589712434184 0.02043318348998774 0.012150668286755772
0 0.4953003677973028 0.6172539489671932 0.011033919084593379 0.010530579181855002
0 0.09235798937474458 0.720129607128392 0.017572537801389457 0.01660591332523289
0 0.7776869636289334 0.4823815309842041 0.22272170004086636 0.11300121506682867
0 0.6031875766244381 0.5245038477116242 0.03637106661217818 0.01863102470635885
0 0.042092357989374746 0.7513163223977318 0.029015120555782592 0.019036046982584043
0 0.0012259910093992644 0.7193195625759417 0.03064977523498161 0.005670311867152693
0 0.23498161013485902 0.7100040502227623 0.011033919084593379 0.018226002430133656
0 0.5651818553330609 0.6593762656946132 0.011442582754393135 0.012150668286755772
0 0.35839803841438495 0.7209396516808424 0.011033919084593379 0.011745646010530578
0 0.894973436861463 0.692588092345079 0.006538618716796077 0.021061158363710003
