0 0.16755210461789946 0.2482378179589335 0.024928483857785042 0.017468587189702726
0 0.7176134041683694 0.4339564817652467 0.027380465876583573 0.01930738584125038
0 0.4846751123825092 0.9193993257738278 0.10257458111973845 0.08060067422617223
0 0.4536166734777278 0.973337419552559 0.06293420514916225 0.026662580447441006
0 0.6481405803024111 0.830524057615691 0.013077237433592154 0.004290530186944529
0 0.6285247241520229 0.8384921851057309 0.014711892112791173 0.006129328838492185
0 0.6260727421332244 0.8452344468280724 0.014711892112791173 0.007355194606190622
0 0.6244380874540253 0.8495249770150168 0.010625255414793625 0.004903463070793748
0 0.593379648549244 0.8427827152926755 0.014711892112791173 0.009193993257738278
0 0.6187167960768287 0.7771988967208091 0.011442582754393135 0.010419859025436715
0 0.6162648140580302 0.737971192154459 0.0171638741315897 0.00796812749003984
0 0.726604004903964 0.7128409439166411 0.010625255414793625 0.011032791909285933
0 0.7462198610543522 0.5136377566656452 0.004086636697997548 0.010419859025436715
0 0.21005312627707398 0.9751762182041066 0.0171638741315897 0.0055163959546429666
0 0.6285247241520229 0.7459393196444989 0.008990600735594606 0.0055163959546429666
