0 0.46660539215686275 0.431781045751634 0.17279411764705882 0.2201797385620915
0 0.11060049019607843 0.21241830065359477 0.21384803921568626 0.1352124183006536
0 0.30422794117647056 0.21241830065359477 0.01991421568627451 0.039624183006535946
0 0.6979166666666666 0.31004901960784315 0.1400122549019608 0.08700980392156862
0 0.913296568627451 0.061683006535947715 0.08670343137254902 0.12009803921568628
0 0.7435661764705882 0.3451797385620915 0.12653186274509803 0.10702614379084967
0 0.8357843137254902 0.3255718954248366 0.04013480392156863 0.03431372549019608
0 0.8587622549019608 0.04738562091503268 0.03125 0.04616013071895425
0 0.14522058823529413 0.20261437908496732 0.027573529411764705 0.017973856209150325
0 0.27512254901960786 0.14133986928104575 0.011642156862745098 0.007352941176470588
0 0.07598039215686274 0.03431372549019608 0.0196078431372549 0.011437908496732025
0 0.21446078431372548 0.6372549019607843 0.017769607843137254 0.013888888888888888
