0 0.0004086636697997548 0.5292675452038001 0.3469554556599918 0.37296965982224944
0 0.3138536984062117 0.38430891817346 0.3931344503473641 0.20686484829911125
0 0.0 0.2151394422310757 0.35839803841438495 0.42935948513637756
0 0.08173273395995095 0.49065277352129943 0.9186759297098488 0.5096536929206252
0 0.0004086636697997548 0.0 1.0 0.33619368679129635
0 0.27012668573763793 0.029727244866687097 0.7302819779321619 0.37143732761262643
0 0.6992235390273804 0.39380937787312287 0.3007764609726195 0.29359485136377567
0 0.0 0.04842169782408826 0.6260727421332244 0.3542752068648483
0 0.25909276665304454 0.021759117376647256 0.2096444626072742 0.04995403003371131
0 0.17736003269309358 0.025743181121667177 0.11892112791172865 0.05761569108182654
