0 0.0 0.0 0.6244380874540253 0.5170088875268158
0 0.02125051082958725 0.021759117376647256 0.30976706170821416 0.20042905301869446
0 0.0 0.3349678210235979 0.7911728647323253 0.5381550720196139
0 0.4503473641193298 0.26386760649708857 0.2496935022476502 0.10389212381244253
0 0.615038823048631 0.1228930432117683 0.22190437270126687 0.17376647257125344
0 0.7560277891295464 0.3086117070180815 0.24438087454025337 0.16273368066196753
0 0.6922762566407846 0.22280110327919092 0.24601552921945238 0.1648789457554398
0 0.9374744585206375 0.35304934109714986 0.06293420514916225 0.04934109714986209
0 0.3898651409889661 0.48482991112473184 0.6097261953412342 0.39534171008274593
0 0.3894564773191663 0.8161201348452345 0.07069881487535758 0.06466441924609255
0 0.0 0.7971192154459087 0.35472006538618717 0.1890897946674839
0 0.3020024519820188 0.7624885075084278 0.2876992235390274 0.17468587189702728
0 0.5913363302002452 0.7318418633159669 0.40907233346955457 0.2684646031259577
